,160,161,162,163,164,165,166,167,168,169,170
0,0.0,0.0,0.0,1.0,0.0,0.0,0.0,0.0,0.0,0.0,0.0
1,0.0,0.0,0.0,0.0,0.0,1.0,0.0,0.0,0.0,0.0,1.0
2,0.0,0.0,0.0,0.0,0.0,0.0,0.0,0.0,0.0,0.0,0.0
3,0.0,0.0,0.0,0.0,0.0,0.0,0.0,0.0,0.0,0.0,0.0
4,0.0,0.0,0.0,0.0,0.0,0.0,0.0,0.0,0.0,0.0,0.0
5,0.0,0.0,0.0,0.0,0.0,0.0,0.0,0.0,0.0,0.0,0.0
6,1.0,0.0,0.0,0.0,0.0,0.0,0.0,0.0,1.0,1.0,0.0
7,0.0,0.0,0.0,1.0,1.0,0.0,0.0,0.0,1.0,0.0,1.0
8,0.0,0.0,0.0,0.0,0.0,0.0,3.0,0.0,1.0,0.0,1.0
9,0.0,0.0,0.0,0.0,0.0,0.0,1.0,0.0,1.0,1.0,0.0
10,0.0,0.0,0.0,0.0,0.0,0.0,1.0,0.0,0.0,0.0,0.0
11,1.0,0.0,0.0,0.0,0.0,0.0,0.0,0.0,2.0,0.0,0.0
12,1.0,1.0,0.0,0.0,0.0,0.0,0.0,0.0,1.0,0.0,0.0
13,0.0,1.0,0.0,1.0,0.0,0.0,1.0,0.0,2.0,0.0,2.0
14,0.0,1.0,0.0,0.0,0.0,0.0,0.0,0.0,0.0,0.0,0.0
15,0.0,0.0,0.0,0.0,0.0,0.0,0.0,0.0,0.0,0.0,0.0
16,1.0,0.0,0.0,0.0,0.0,1.0,1.0,0.0,1.0,1.0,1.0
17,0.0,0.0,0.0,0.0,0.0,1.0,1.0,1.0,2.0,1.0,0.0
18,2.0,1.0,0.0,0.0,0.0,0.0,0.0,1.0,3.0,0.0,0.0
19,1.0,1.0,2.0,1.0,0.0,1.0,0.0,2.0,2.0,0.0,1.0
20,0.0,2.0,2.0,2.0,0.0,0.0,2.0,1.0,1.0,1.0,1.0
21,2.0,2.0,0.0,1.0,1.0,0.0,2.0,2.0,0.0,1.0,1.0
22,2.0,0.0,0.0,1.0,0.0,3.0,1.0,0.0,0.0,2.0,1.0
23,0.0,0.0,1.0,3.0,0.0,0.0,2.0,0.0,0.0,0.0,1.0
24,2.0,0.0,2.0,1.0,1.0,1.0,0.0,1.0,0.0,1.0,1.0
25,0.0,0.0,0.0,0.0,0.0,0.0,0.0,0.0,0.0,0.0,1.0
26,0.0,0.0,1.0,3.0,0.0,0.0,0.0,0.0,0.0,1.0,1.0
27,0.0,0.0,0.0,1.0,1.0,0.0,0.0,0.0,0.0,0.0,1.0
28,0.0,0.0,0.0,0.0,0.0,0.0,0.0,1.0,0.0,0.0,1.0
29,0.0,0.0,0.0,0.0,0.0,1.0,1.0,0.0,0.0,0.0,0.0
30,0.0,0.0,0.0,0.0,0.0,0.0,0.0,0.0,0.0,0.0,0.0
31,0.0,1.0,0.0,2.0,0.0,0.0,0.0,0.0,0.0,0.0,0.0
32,0.0,0.0,1.0,0.0,0.0,0.0,1.0,0.0,2.0,0.0,0.0
33,0.0,0.0,0.0,0.0,0.0,0.0,0.0,0.0,2.0,0.0,0.0
34,0.0,1.0,0.0,5.0,0.0,0.0,0.0,0.0,0.0,1.0,0.0
35,1.0,0.0,0.0,1.0,0.0,1.0,0.0,1.0,2.0,0.0,2.0
36,0.0,1.0,3.0,0.0,1.0,0.0,0.0,0.0,1.0,1.0,1.0
37,1.0,1.0,0.0,0.0,1.0,0.0,2.0,2.0,2.0,1.0,1.0
38,1.0,2.0,0.0,0.0,0.0,0.0,2.0,1.0,1.0,1.0,3.0
39,0.0,0.0,1.0,3.0,0.0,1.0,1.0,2.0,2.0,1.0,2.0
40,1.0,2.0,1.0,1.0,2.0,0.0,0.0,0.0,2.0,0.0,1.0
41,2.0,2.0,1.0,4.0,1.0,1.0,0.0,0.0,3.0,0.0,5.0
42,3.0,1.0,2.0,1.0,1.0,0.0,0.0,1.0,3.0,1.0,2.0
43,1.0,3.0,0.0,2.0,0.0,1.0,3.0,0.0,2.0,1.0,2.0
44,0.0,0.0,0.0,0.0,0.0,1.0,0.0,0.0,3.0,2.0,0.0
45,0.0,1.0,1.0,0.0,1.0,2.0,1.0,0.0,0.0,1.0,2.0
46,3.0,2.0,1.0,1.0,0.0,2.0,0.0,3.0,1.0,2.0,1.0
47,1.0,0.0,0.0,0.0,2.0,0.0,1.0,0.0,1.0,1.0,0.0
48,1.0,1.0,0.0,1.0,0.0,0.0,1.0,0.0,0.0,0.0,0.0
49,0.0,0.0,1.0,1.0,0.0,1.0,0.0,1.0,0.0,1.0,1.0
50,0.0,1.0,0.0,1.0,0.0,1.0,0.0,2.0,0.0,0.0,0.0
51,0.0,0.0,0.0,0.0,0.0,0.0,1.0,0.0,0.0,0.0,0.0
52,1.0,1.0,1.0,1.0,0.0,1.0,0.0,0.0,0.0,0.0,0.0
53,0.0,0.0,1.0,0.0,1.0,0.0,0.0,1.0,0.0,0.0,1.0
54,0.0,0.0,0.0,0.0,1.0,0.0,0.0,0.0,0.0,1.0,1.0
55,0.0,0.0,0.0,1.0,0.0,0.0,0.0,0.0,0.0,0.0,0.0
56,0.0,1.0,0.0,0.0,0.0,0.0,0.0,0.0,1.0,0.0,0.0
57,1.0,1.0,0.0,0.0,2.0,0.0,0.0,0.0,2.0,0.0,1.0
58,0.0,1.0,1.0,1.0,0.0,0.0,1.0,0.0,1.0,0.0,0.0
59,1.0,1.0,0.0,1.0,1.0,1.0,1.0,0.0,0.0,1.0,0.0
60,2.0,1.0,0.0,0.0,0.0,0.0,1.0,0.0,3.0,2.0,3.0
61,0.0,1.0,1.0,1.0,0.0,1.0,2.0,1.0,1.0,0.0,1.0
62,1.0,1.0,2.0,2.0,0.0,0.0,2.0,2.0,3.0,1.0,1.0
63,2.0,1.0,0.0,2.0,1.0,0.0,1.0,1.0,1.0,0.0,0.0
64,2.0,1.0,0.0,0.0,2.0,1.0,0.0,0.0,3.0,1.0,1.0
65,1.0,2.0,1.0,1.0,0.0,0.0,3.0,0.0,1.0,1.0,2.0
66,1.0,0.0,1.0,3.0,1.0,0.0,1.0,2.0,0.0,2.0,2.0
67,0.0,1.0,2.0,2.0,1.0,1.0,1.0,2.0,0.0,0.0,2.0
68,1.0,2.0,2.0,1.0,2.0,1.0,3.0,1.0,1.0,0.0,1.0
69,1.0,0.0,0.0,1.0,1.0,0.0,1.0,1.0,0.0,2.0,1.0
70,0.0,1.0,0.0,1.0,1.0,2.0,0.0,1.0,0.0,1.0,1.0
71,1.0,1.0,0.0,0.0,0.0,0.0,3.0,1.0,0.0,2.0,0.0
72,1.0,0.0,0.0,0.0,0.0,0.0,0.0,1.0,0.0,0.0,0.0
73,0.0,0.0,0.0,0.0,0.0,0.0,0.0,0.0,0.0,0.0,0.0
74,0.0,0.0,0.0,0.0,0.0,0.0,0.0,0.0,0.0,0.0,0.0
75,0.0,0.0,0.0,1.0,0.0,0.0,0.0,0.0,1.0,1.0,0.0
76,1.0,0.0,1.0,0.0,0.0,0.0,0.0,0.0,1.0,0.0,0.0
77,0.0,0.0,0.0,0.0,0.0,0.0,0.0,0.0,0.0,0.0,0.0
78,0.0,1.0,0.0,0.0,0.0,0.0,1.0,0.0,0.0,0.0,0.0
79,0.0,0.0,0.0,3.0,1.0,0.0,1.0,0.0,0.0,0.0,1.0
80,1.0,0.0,1.0,0.0,1.0,0.0,1.0,0.0,0.0,0.0,1.0
81,0.0,0.0,0.0,0.0,0.0,0.0,0.0,2.0,1.0,0.0,0.0
82,0.0,0.0,0.0,1.0,1.0,0.0,1.0,1.0,2.0,0.0,0.0
83,0.0,0.0,0.0,0.0,0.0,0.0,2.0,0.0,0.0,0.0,0.0
84,0.0,0.0,0.0,0.0,0.0,0.0,0.0,1.0,0.0,0.0,2.0
85,1.0,0.0,1.0,0.0,0.0,0.0,0.0,0.0,0.0,1.0,0.0
86,0.0,0.0,0.0,1.0,0.0,0.0,0.0,1.0,2.0,0.0,0.0
87,0.0,0.0,1.0,0.0,0.0,0.0,1.0,0.0,1.0,0.0,0.0
88,0.0,1.0,0.0,0.0,0.0,1.0,0.0,1.0,0.0,0.0,1.0
89,0.0,1.0,0.0,0.0,0.0,0.0,1.0,1.0,3.0,1.0,2.0
90,1.0,2.0,0.0,1.0,1.0,0.0,0.0,2.0,1.0,0.0,3.0
91,0.0,0.0,0.0,0.0,1.0,2.0,1.0,3.0,1.0,0.0,0.0
92,0.0,1.0,0.0,1.0,0.0,0.0,1.0,1.0,1.0,0.0,2.0
93,0.0,1.0,0.0,1.0,2.0,1.0,0.0,0.0,0.0,1.0,0.0
94,0.0,0.0,0.0,2.0,1.0,2.0,0.0,0.0,0.0,0.0,0.0
95,0.0,0.0,0.0,1.0,0.0,0.0,0.0,1.0,0.0,0.0,0.0
96,0.0,0.0,1.0,1.0,0.0,1.0,1.0,0.0,0.0,0.0,0.0
97,0.0,0.0,0.0,0.0,0.0,0.0,0.0,0.0,0.0,0.0,0.0
98,1.0,0.0,0.0,0.0,0.0,0.0,0.0,0.0,0.0,0.0,0.0
99,0.0,0.0,0.0,0.0,0.0,0.0,0.0,0.0,0.0,0.0,0.0
100,0.0,0.0,0.0,0.0,0.0,0.0,0.0,0.0,0.0,0.0,0.0
101,1.0,0.0,0.0,0.0,0.0,1.0,0.0,0.0,0.0,0.0,0.0
102,0.0,0.0,0.0,1.0,0.0,0.0,0.0,0.0,0.0,0.0,0.0
103,0.0,1.0,0.0,1.0,0.0,0.0,0.0,0.0,1.0,0.0,1.0
104,0.0,0.0,0.0,1.0,1.0,0.0,2.0,0.0,0.0,0.0,3.0
105,0.0,0.0,0.0,1.0,0.0,0.0,1.0,1.0,0.0,1.0,1.0
106,1.0,1.0,0.0,0.0,0.0,0.0,1.0,0.0,0.0,0.0,0.0
107,0.0,1.0,0.0,1.0,1.0,0.0,1.0,0.0,0.0,0.0,0.0
108,0.0,0.0,0.0,1.0,0.0,1.0,0.0,0.0,3.0,1.0,0.0
109,0.0,0.0,0.0,1.0,0.0,0.0,1.0,0.0,1.0,0.0,0.0
110,2.0,0.0,1.0,0.0,1.0,0.0,0.0,1.0,0.0,0.0,1.0
111,0.0,0.0,0.0,0.0,0.0,1.0,0.0,0.0,1.0,1.0,1.0
112,0.0,1.0,0.0,0.0,0.0,0.0,1.0,1.0,1.0,0.0,2.0
113,0.0,1.0,0.0,0.0,0.0,0.0,0.0,1.0,1.0,0.0,0.0
114,0.0,0.0,0.0,0.0,1.0,0.0,1.0,2.0,1.0,0.0,2.0
115,0.0,0.0,0.0,1.0,1.0,1.0,1.0,2.0,3.0,0.0,2.0
116,2.0,0.0,2.0,1.0,0.0,1.0,0.0,0.0,1.0,1.0,0.0
117,0.0,1.0,2.0,0.0,1.0,0.0,0.0,1.0,0.0,2.0,0.0
118,0.0,0.0,0.0,1.0,2.0,0.0,0.0,0.0,0.0,0.0,1.0
119,2.0,0.0,1.0,1.0,1.0,0.0,0.0,0.0,0.0,2.0,0.0
120,0.0,1.0,0.0,1.0,0.0,0.0,0.0,0.0,0.0,0.0,0.0
121,1.0,0.0,0.0,1.0,0.0,0.0,0.0,1.0,0.0,0.0,0.0
122,0.0,0.0,0.0,0.0,0.0,0.0,1.0,0.0,0.0,0.0,0.0
123,0.0,0.0,0.0,0.0,0.0,0.0,0.0,0.0,0.0,0.0,0.0
124,1.0,0.0,0.0,0.0,0.0,0.0,0.0,0.0,0.0,0.0,0.0
125,0.0,0.0,0.0,0.0,0.0,1.0,0.0,0.0,0.0,0.0,0.0
126,1.0,0.0,0.0,0.0,0.0,0.0,0.0,0.0,0.0,0.0,0.0
127,0.0,1.0,0.0,1.0,1.0,0.0,0.0,0.0,1.0,0.0,0.0
128,0.0,0.0,0.0,0.0,0.0,1.0,1.0,0.0,0.0,0.0,2.0
129,0.0,0.0,0.0,1.0,1.0,0.0,0.0,0.0,0.0,0.0,0.0
130,0.0,1.0,1.0,0.0,0.0,0.0,0.0,0.0,0.0,0.0,0.0
131,1.0,0.0,0.0,0.0,0.0,0.0,2.0,0.0,2.0,0.0,1.0
132,0.0,1.0,0.0,0.0,1.0,0.0,2.0,0.0,3.0,0.0,1.0
133,0.0,0.0,2.0,1.0,1.0,0.0,1.0,0.0,0.0,0.0,0.0
134,1.0,0.0,0.0,0.0,2.0,0.0,3.0,0.0,1.0,0.0,1.0
135,0.0,0.0,0.0,0.0,0.0,0.0,0.0,0.0,0.0,1.0,1.0
136,0.0,1.0,0.0,2.0,0.0,0.0,0.0,0.0,1.0,0.0,1.0
137,1.0,0.0,0.0,0.0,0.0,0.0,1.0,0.0,0.0,0.0,0.0
138,1.0,1.0,0.0,3.0,0.0,0.0,3.0,0.0,1.0,0.0,1.0
139,1.0,0.0,3.0,0.0,0.0,0.0,1.0,0.0,4.0,0.0,3.0
140,0.0,0.0,0.0,1.0,2.0,0.0,3.0,0.0,0.0,1.0,1.0
141,0.0,1.0,2.0,0.0,0.0,0.0,0.0,0.0,0.0,0.0,0.0
142,2.0,0.0,1.0,0.0,2.0,0.0,2.0,0.0,0.0,1.0,0.0
143,0.0,0.0,0.0,2.0,0.0,0.0,0.0,2.0,0.0,0.0,0.0
144,1.0,0.0,0.0,1.0,2.0,1.0,0.0,0.0,0.0,0.0,0.0
145,0.0,0.0,0.0,0.0,0.0,0.0,0.0,0.0,0.0,0.0,0.0
146,0.0,0.0,0.0,0.0,0.0,1.0,0.0,0.0,0.0,0.0,0.0
147,0.0,0.0,0.0,0.0,0.0,0.0,0.0,0.0,0.0,0.0,0.0
148,0.0,0.0,0.0,1.0,0.0,0.0,0.0,0.0,0.0,0.0,0.0
149,0.0,0.0,0.0,0.0,0.0,0.0,0.0,0.0,0.0,0.0,0.0
150,3.0,0.0,0.0,0.0,0.0,0.0,0.0,0.0,1.0,0.0,0.0
151,0.0,0.0,0.0,0.0,0.0,1.0,0.0,1.0,0.0,0.0,1.0
152,0.0,1.0,1.0,0.0,0.0,0.0,1.0,0.0,0.0,1.0,2.0
153,0.0,0.0,0.0,0.0,0.0,0.0,0.0,0.0,2.0,0.0,0.0
154,0.0,1.0,1.0,1.0,0.0,0.0,1.0,0.0,1.0,0.0,0.0
155,0.0,1.0,0.0,0.0,0.0,1.0,1.0,0.0,0.0,0.0,0.0
156,0.0,0.0,0.0,0.0,1.0,0.0,1.0,0.0,0.0,0.0,0.0
157,1.0,0.0,0.0,0.0,0.0,1.0,0.0,1.0,2.0,0.0,1.0
158,0.0,1.0,0.0,0.0,0.0,0.0,2.0,0.0,2.0,1.0,1.0
159,0.0,0.0,0.0,0.0,0.0,1.0,1.0,0.0,1.0,0.0,0.0
160,1.0,0.0,1.0,0.0,0.0,0.0,0.0,0.0,1.0,0.0,2.0
161,0.0,2.0,0.0,0.0,1.0,1.0,1.0,0.0,0.0,0.0,2.0
162,1.0,0.0,1.0,1.0,0.0,1.0,0.0,0.0,4.0,2.0,2.0
163,0.0,0.0,1.0,1.0,0.0,1.0,0.0,1.0,0.0,0.0,1.0
164,0.0,1.0,0.0,0.0,3.0,2.0,1.0,1.0,0.0,1.0,0.0
165,1.0,1.0,0.0,2.0,1.0,1.0,1.0,1.0,1.0,0.0,0.0
166,0.0,0.0,0.0,0.0,0.0,0.0,1.0,1.0,0.0,2.0,0.0
167,0.0,0.0,0.0,0.0,0.0,0.0,2.0,0.0,0.0,0.0,0.0
168,2.0,1.0,0.0,1.0,0.0,0.0,0.0,0.0,0.0,1.0,0.0
169,0.0,0.0,0.0,0.0,0.0,0.0,0.0,0.0,0.0,0.0,0.0
170,0.0,0.0,0.0,0.0,0.0,0.0,0.0,0.0,0.0,0.0,2.0
171,0.0,0.0,0.0,0.0,0.0,0.0,1.0,0.0,0.0,0.0,0.0
172,0.0,0.0,0.0,0.0,0.0,0.0,0.0,0.0,0.0,0.0,0.0
173,0.0,0.0,0.0,0.0,0.0,0.0,0.0,0.0,0.0,0.0,0.0
174,1.0,0.0,0.0,1.0,0.0,0.0,0.0,0.0,1.0,0.0,0.0
175,0.0,0.0,0.0,1.0,1.0,0.0,0.0,0.0,2.0,0.0,0.0
176,0.0,0.0,0.0,0.0,0.0,0.0,2.0,0.0,1.0,0.0,2.0
177,0.0,0.0,1.0,0.0,0.0,1.0,1.0,0.0,0.0,1.0,0.0
178,0.0,1.0,0.0,1.0,0.0,1.0,1.0,0.0,1.0,0.0,0.0
179,0.0,1.0,0.0,0.0,0.0,1.0,1.0,0.0,0.0,0.0,0.0
180,0.0,0.0,0.0,0.0,0.0,1.0,2.0,0.0,2.0,0.0,1.0
181,0.0,2.0,0.0,0.0,0.0,0.0,1.0,1.0,1.0,0.0,1.0
182,0.0,0.0,0.0,1.0,0.0,0.0,0.0,0.0,0.0,0.0,0.0
183,0.0,0.0,0.0,0.0,0.0,0.0,1.0,0.0,1.0,1.0,1.0
184,1.0,0.0,0.0,0.0,0.0,0.0,1.0,1.0,3.0,0.0,4.0
185,1.0,2.0,1.0,0.0,1.0,0.0,1.0,0.0,0.0,0.0,1.0
186,0.0,3.0,0.0,1.0,1.0,0.0,2.0,0.0,4.0,1.0,2.0
187,1.0,3.0,0.0,0.0,2.0,2.0,0.0,2.0,1.0,2.0,3.0
188,1.0,1.0,1.0,3.0,0.0,1.0,3.0,2.0,3.0,0.0,3.0
189,1.0,0.0,1.0,2.0,0.0,0.0,1.0,2.0,0.0,0.0,1.0
190,2.0,0.0,0.0,3.0,0.0,0.0,2.0,0.0,0.0,2.0,0.0
191,1.0,0.0,0.0,1.0,1.0,0.0,0.0,2.0,0.0,1.0,1.0
192,0.0,0.0,0.0,1.0,0.0,0.0,2.0,0.0,0.0,1.0,1.0
193,0.0,1.0,1.0,0.0,1.0,0.0,0.0,0.0,0.0,0.0,0.0
194,0.0,0.0,0.0,0.0,0.0,0.0,1.0,0.0,0.0,1.0,0.0
195,0.0,0.0,0.0,0.0,0.0,0.0,1.0,0.0,0.0,0.0,0.0
196,0.0,0.0,0.0,0.0,0.0,1.0,0.0,0.0,0.0,0.0,0.0
197,1.0,0.0,0.0,1.0,0.0,0.0,0.0,0.0,0.0,0.0,1.0
198,0.0,0.0,0.0,0.0,1.0,0.0,2.0,0.0,0.0,0.0,0.0
199,0.0,0.0,0.0,1.0,0.0,0.0,0.0,0.0,1.0,0.0,0.0
200,0.0,0.0,1.0,2.0,0.0,1.0,0.0,0.0,1.0,0.0,0.0
201,1.0,1.0,1.0,0.0,0.0,0.0,1.0,0.0,1.0,0.0,0.0
202,1.0,1.0,0.0,2.0,0.0,0.0,0.0,0.0,1.0,0.0,0.0
203,2.0,0.0,0.0,1.0,0.0,1.0,0.0,0.0,0.0,0.0,0.0
204,3.0,0.0,0.0,2.0,0.0,0.0,1.0,2.0,2.0,0.0,1.0
205,1.0,4.0,1.0,0.0,1.0,0.0,0.0,1.0,2.0,0.0,0.0
206,0.0,4.0,1.0,2.0,1.0,0.0,1.0,0.0,2.0,1.0,2.0
207,0.0,2.0,0.0,2.0,1.0,0.0,2.0,1.0,5.0,1.0,3.0
208,0.0,2.0,0.0,1.0,1.0,0.0,1.0,1.0,2.0,0.0,0.0
209,2.0,4.0,0.0,3.0,2.0,0.0,2.0,0.0,1.0,1.0,3.0
210,1.0,1.0,0.0,1.0,1.0,1.0,2.0,2.0,4.0,0.0,0.0
211,2.0,2.0,0.0,0.0,1.0,0.0,1.0,1.0,4.0,1.0,1.0
212,0.0,0.0,2.0,1.0,1.0,0.0,1.0,1.0,1.0,2.0,1.0
213,0.0,1.0,2.0,0.0,2.0,0.0,1.0,0.0,0.0,2.0,1.0
214,1.0,1.0,1.0,1.0,1.0,0.0,1.0,0.0,0.0,1.0,1.0
215,1.0,1.0,0.0,0.0,1.0,0.0,1.0,1.0,0.0,0.0,3.0
216,1.0,0.0,0.0,0.0,0.0,0.0,2.0,1.0,0.0,0.0,0.0
217,0.0,0.0,0.0,1.0,1.0,0.0,1.0,0.0,0.0,0.0,0.0
218,1.0,0.0,0.0,0.0,0.0,0.0,2.0,0.0,0.0,0.0,0.0
219,1.0,0.0,1.0,0.0,0.0,1.0,1.0,0.0,0.0,0.0,0.0
220,0.0,0.0,0.0,0.0,1.0,0.0,0.0,0.0,0.0,0.0,0.0
221,0.0,0.0,0.0,0.0,0.0,0.0,0.0,0.0,0.0,0.0,0.0
222,0.0,1.0,0.0,0.0,1.0,0.0,0.0,0.0,0.0,0.0,0.0
223,0.0,0.0,0.0,3.0,0.0,0.0,0.0,0.0,0.0,0.0,0.0
224,0.0,0.0,0.0,0.0,0.0,0.0,1.0,0.0,1.0,0.0,1.0
225,0.0,1.0,0.0,0.0,0.0,1.0,1.0,0.0,0.0,0.0,2.0
226,0.0,2.0,0.0,1.0,1.0,1.0,1.0,0.0,2.0,0.0,1.0
227,2.0,1.0,1.0,1.0,0.0,0.0,1.0,0.0,1.0,1.0,0.0
228,0.0,1.0,0.0,0.0,0.0,0.0,1.0,3.0,4.0,0.0,1.0
229,1.0,1.0,1.0,0.0,0.0,1.0,1.0,1.0,2.0,1.0,1.0
230,1.0,0.0,3.0,1.0,0.0,0.0,1.0,1.0,4.0,0.0,1.0
231,0.0,3.0,1.0,3.0,0.0,0.0,3.0,1.0,2.0,1.0,1.0
232,2.0,0.0,1.0,0.0,0.0,1.0,2.0,0.0,5.0,2.0,0.0
233,1.0,0.0,2.0,1.0,1.0,1.0,1.0,0.0,2.0,0.0,1.0
234,1.0,4.0,0.0,1.0,1.0,1.0,2.0,0.0,3.0,1.0,1.0
235,1.0,0.0,1.0,1.0,1.0,0.0,1.0,2.0,0.0,2.0,1.0
236,0.0,1.0,2.0,1.0,0.0,0.0,1.0,1.0,0.0,0.0,2.0
237,2.0,1.0,0.0,2.0,2.0,2.0,1.0,0.0,0.0,0.0,0.0
238,2.0,0.0,1.0,1.0,0.0,1.0,0.0,0.0,0.0,1.0,1.0
239,0.0,1.0,0.0,1.0,0.0,1.0,0.0,1.0,0.0,0.0,1.0
240,1.0,0.0,1.0,2.0,1.0,0.0,0.0,0.0,0.0,0.0,0.0
241,3.0,1.0,0.0,1.0,0.0,0.0,0.0,0.0,0.0,0.0,2.0
242,0.0,0.0,0.0,0.0,1.0,0.0,0.0,0.0,0.0,0.0,0.0
243,0.0,0.0,0.0,0.0,0.0,0.0,0.0,0.0,0.0,0.0,0.0
244,0.0,0.0,0.0,0.0,0.0,0.0,0.0,0.0,0.0,1.0,0.0
245,0.0,1.0,0.0,0.0,0.0,0.0,0.0,0.0,0.0,0.0,0.0
246,0.0,1.0,0.0,0.0,0.0,0.0,0.0,0.0,0.0,0.0,0.0
247,0.0,0.0,1.0,0.0,0.0,0.0,0.0,0.0,1.0,1.0,0.0
248,0.0,1.0,1.0,1.0,0.0,0.0,2.0,0.0,0.0,0.0,1.0
249,0.0,0.0,0.0,0.0,0.0,1.0,0.0,0.0,0.0,0.0,0.0
250,0.0,0.0,0.0,1.0,1.0,0.0,1.0,0.0,2.0,0.0,0.0
251,1.0,0.0,0.0,0.0,0.0,0.0,0.0,0.0,1.0,0.0,1.0
252,1.0,0.0,0.0,0.0,1.0,0.0,0.0,0.0,0.0,1.0,1.0
253,1.0,0.0,1.0,0.0,0.0,0.0,1.0,0.0,0.0,0.0,1.0
254,1.0,2.0,0.0,0.0,0.0,0.0,0.0,0.0,0.0,0.0,0.0
255,0.0,0.0,0.0,0.0,0.0,0.0,0.0,2.0,1.0,0.0,1.0
256,0.0,1.0,0.0,0.0,0.0,0.0,0.0,0.0,2.0,0.0,3.0
257,0.0,0.0,0.0,0.0,1.0,1.0,0.0,0.0,1.0,0.0,1.0
258,2.0,0.0,1.0,2.0,0.0,1.0,0.0,0.0,2.0,0.0,5.0
259,3.0,1.0,0.0,1.0,0.0,2.0,1.0,1.0,3.0,0.0,0.0
260,0.0,0.0,0.0,0.0,0.0,0.0,0.0,0.0,0.0,2.0,1.0
261,0.0,0.0,1.0,0.0,0.0,1.0,0.0,0.0,0.0,1.0,0.0
262,0.0,1.0,1.0,0.0,1.0,0.0,0.0,0.0,0.0,0.0,0.0
263,0.0,0.0,0.0,0.0,0.0,0.0,3.0,1.0,0.0,0.0,1.0
264,0.0,0.0,1.0,0.0,0.0,0.0,0.0,0.0,0.0,0.0,0.0
265,0.0,1.0,0.0,0.0,1.0,0.0,0.0,0.0,0.0,0.0,0.0
266,0.0,0.0,0.0,0.0,1.0,0.0,0.0,0.0,0.0,0.0,1.0
267,0.0,0.0,0.0,0.0,0.0,0.0,0.0,0.0,0.0,0.0,0.0
268,0.0,0.0,0.0,0.0,0.0,1.0,0.0,0.0,0.0,0.0,0.0
269,0.0,0.0,0.0,0.0,0.0,0.0,0.0,0.0,0.0,0.0,0.0
270,0.0,0.0,2.0,0.0,2.0,0.0,0.0,0.0,0.0,0.0,0.0
271,0.0,0.0,0.0,1.0,0.0,0.0,0.0,0.0,1.0,0.0,0.0
272,0.0,1.0,0.0,0.0,0.0,0.0,0.0,0.0,2.0,0.0,1.0
273,0.0,2.0,0.0,0.0,0.0,0.0,0.0,0.0,0.0,0.0,0.0
274,0.0,1.0,0.0,2.0,0.0,0.0,1.0,0.0,0.0,0.0,0.0
275,0.0,0.0,0.0,0.0,0.0,1.0,0.0,0.0,1.0,0.0,1.0
276,0.0,0.0,1.0,0.0,0.0,0.0,0.0,0.0,0.0,0.0,0.0
277,0.0,1.0,0.0,0.0,0.0,0.0,0.0,0.0,0.0,0.0,1.0
278,0.0,0.0,0.0,1.0,0.0,0.0,0.0,0.0,0.0,0.0,0.0
279,0.0,0.0,0.0,0.0,0.0,1.0,0.0,2.0,2.0,0.0,2.0
280,0.0,0.0,0.0,0.0,0.0,0.0,0.0,0.0,0.0,0.0,0.0
281,1.0,1.0,0.0,1.0,0.0,0.0,0.0,0.0,1.0,0.0,0.0
282,0.0,0.0,0.0,1.0,1.0,0.0,1.0,1.0,0.0,0.0,4.0
283,0.0,2.0,0.0,2.0,0.0,0.0,2.0,0.0,3.0,0.0,1.0
284,1.0,0.0,1.0,0.0,1.0,0.0,0.0,0.0,1.0,0.0,2.0
285,0.0,0.0,0.0,2.0,1.0,0.0,0.0,1.0,0.0,2.0,1.0
286,1.0,0.0,0.0,1.0,1.0,0.0,0.0,2.0,0.0,2.0,1.0
287,1.0,1.0,0.0,0.0,1.0,1.0,0.0,0.0,0.0,1.0,1.0
288,1.0,1.0,0.0,1.0,1.0,0.0,0.0,0.0,0.0,0.0,0.0
289,1.0,0.0,0.0,0.0,1.0,0.0,1.0,0.0,0.0,0.0,0.0
290,1.0,0.0,0.0,0.0,0.0,0.0,0.0,0.0,0.0,0.0,0.0
291,0.0,0.0,0.0,0.0,0.0,0.0,0.0,0.0,0.0,0.0,0.0
292,1.0,0.0,0.0,0.0,0.0,0.0,0.0,0.0,0.0,0.0,0.0
293,0.0,0.0,0.0,0.0,0.0,0.0,0.0,0.0,0.0,0.0,0.0
294,0.0,1.0,0.0,0.0,1.0,0.0,0.0,0.0,0.0,0.0,1.0
295,0.0,1.0,0.0,2.0,1.0,0.0,0.0,0.0,2.0,0.0,0.0
296,0.0,0.0,0.0,0.0,0.0,0.0,1.0,0.0,0.0,1.0,1.0
297,0.0,0.0,0.0,0.0,1.0,0.0,1.0,0.0,2.0,0.0,1.0
298,1.0,1.0,0.0,0.0,0.0,0.0,0.0,0.0,0.0,0.0,0.0
299,1.0,0.0,0.0,1.0,0.0,0.0,1.0,0.0,0.0,0.0,1.0
300,0.0,1.0,0.0,0.0,1.0,0.0,2.0,0.0,3.0,0.0,1.0
301,1.0,0.0,0.0,0.0,0.0,0.0,1.0,0.0,0.0,0.0,1.0
302,0.0,1.0,0.0,1.0,0.0,0.0,0.0,0.0,3.0,0.0,0.0
303,0.0,0.0,0.0,0.0,0.0,0.0,0.0,1.0,2.0,0.0,0.0
304,0.0,0.0,0.0,0.0,0.0,0.0,1.0,2.0,0.0,0.0,1.0
305,1.0,0.0,0.0,0.0,1.0,0.0,0.0,0.0,2.0,0.0,1.0
306,0.0,1.0,2.0,0.0,0.0,0.0,1.0,0.0,1.0,0.0,2.0
307,0.0,2.0,1.0,0.0,0.0,2.0,1.0,3.0,1.0,0.0,1.0
308,2.0,0.0,0.0,0.0,0.0,0.0,0.0,2.0,0.0,0.0,0.0
309,1.0,0.0,0.0,1.0,2.0,0.0,0.0,0.0,0.0,3.0,0.0
310,1.0,0.0,0.0,0.0,0.0,0.0,0.0,0.0,1.0,1.0,0.0
311,1.0,0.0,1.0,0.0,1.0,0.0,0.0,0.0,0.0,0.0,0.0
312,1.0,0.0,0.0,0.0,0.0,0.0,0.0,0.0,0.0,0.0,0.0
313,0.0,0.0,0.0,0.0,0.0,0.0,0.0,0.0,0.0,0.0,0.0
314,1.0,0.0,0.0,0.0,0.0,0.0,1.0,0.0,0.0,0.0,0.0
315,0.0,0.0,0.0,0.0,0.0,0.0,0.0,0.0,0.0,0.0,0.0
316,0.0,0.0,0.0,0.0,0.0,0.0,0.0,0.0,0.0,0.0,0.0
317,0.0,0.0,0.0,0.0,0.0,0.0,0.0,0.0,0.0,0.0,0.0
318,1.0,1.0,0.0,1.0,1.0,0.0,0.0,0.0,0.0,0.0,0.0
319,0.0,0.0,0.0,2.0,0.0,0.0,0.0,0.0,1.0,1.0,0.0
320,0.0,0.0,0.0,1.0,0.0,0.0,0.0,0.0,0.0,0.0,1.0
321,0.0,0.0,0.0,0.0,0.0,0.0,2.0,0.0,2.0,0.0,0.0
322,0.0,1.0,0.0,2.0,0.0,0.0,0.0,1.0,1.0,0.0,0.0
323,0.0,2.0,0.0,1.0,0.0,1.0,0.0,0.0,0.0,0.0,0.0
324,2.0,0.0,0.0,0.0,0.0,0.0,0.0,1.0,0.0,1.0,0.0
325,0.0,2.0,1.0,1.0,1.0,1.0,2.0,0.0,0.0,0.0,0.0
326,0.0,0.0,0.0,0.0,1.0,0.0,1.0,0.0,1.0,2.0,0.0
327,2.0,0.0,1.0,1.0,0.0,0.0,1.0,0.0,2.0,0.0,0.0
328,0.0,0.0,0.0,1.0,1.0,0.0,0.0,0.0,1.0,0.0,1.0
329,1.0,2.0,0.0,0.0,0.0,1.0,0.0,0.0,1.0,0.0,1.0
330,2.0,2.0,0.0,0.0,0.0,0.0,0.0,0.0,0.0,1.0,0.0
331,1.0,0.0,1.0,1.0,0.0,1.0,0.0,2.0,1.0,1.0,2.0
332,0.0,0.0,1.0,0.0,0.0,2.0,0.0,0.0,1.0,0.0,0.0
333,0.0,2.0,1.0,0.0,1.0,0.0,0.0,1.0,1.0,4.0,0.0
334,0.0,1.0,1.0,1.0,1.0,0.0,1.0,1.0,0.0,0.0,2.0
335,0.0,0.0,0.0,2.0,0.0,0.0,1.0,0.0,0.0,0.0,0.0
336,0.0,0.0,0.0,0.0,0.0,0.0,0.0,0.0,0.0,0.0,0.0
337,0.0,1.0,0.0,0.0,0.0,0.0,0.0,0.0,0.0,0.0,0.0
338,0.0,0.0,0.0,0.0,0.0,0.0,1.0,0.0,0.0,0.0,0.0
339,1.0,0.0,0.0,1.0,0.0,0.0,0.0,0.0,0.0,0.0,0.0
340,0.0,0.0,0.0,0.0,0.0,0.0,0.0,0.0,0.0,0.0,0.0
341,0.0,0.0,0.0,0.0,0.0,1.0,0.0,0.0,0.0,0.0,0.0
342,1.0,0.0,0.0,0.0,0.0,0.0,0.0,0.0,0.0,0.0,0.0
343,0.0,0.0,1.0,0.0,0.0,0.0,0.0,0.0,0.0,1.0,0.0
344,0.0,0.0,1.0,1.0,0.0,0.0,1.0,1.0,1.0,0.0,1.0
345,0.0,0.0,0.0,0.0,0.0,0.0,0.0,0.0,2.0,0.0,0.0
346,0.0,1.0,1.0,1.0,1.0,0.0,0.0,0.0,1.0,0.0,0.0
347,0.0,0.0,1.0,0.0,0.0,0.0,1.0,0.0,0.0,0.0,0.0
348,1.0,0.0,0.0,0.0,0.0,1.0,0.0,1.0,2.0,1.0,0.0
349,1.0,0.0,1.0,1.0,1.0,1.0,0.0,0.0,0.0,0.0,0.0
350,1.0,0.0,1.0,2.0,1.0,0.0,1.0,1.0,1.0,0.0,0.0
351,1.0,1.0,0.0,0.0,0.0,0.0,0.0,0.0,0.0,0.0,0.0
352,1.0,1.0,0.0,0.0,2.0,0.0,0.0,1.0,0.0,0.0,1.0
353,1.0,0.0,0.0,0.0,0.0,2.0,1.0,0.0,3.0,1.0,1.0
354,0.0,1.0,0.0,0.0,0.0,1.0,1.0,2.0,4.0,0.0,2.0
355,0.0,3.0,1.0,0.0,0.0,1.0,1.0,1.0,1.0,0.0,3.0
356,2.0,0.0,1.0,1.0,1.0,0.0,0.0,1.0,1.0,0.0,0.0
357,1.0,0.0,1.0,1.0,1.0,0.0,1.0,1.0,0.0,3.0,2.0
358,3.0,2.0,1.0,0.0,0.0,0.0,1.0,0.0,0.0,2.0,1.0
359,0.0,0.0,1.0,1.0,0.0,0.0,0.0,0.0,1.0,1.0,0.0
360,1.0,1.0,0.0,2.0,0.0,0.0,0.0,0.0,0.0,0.0,0.0
361,1.0,1.0,2.0,1.0,0.0,0.0,1.0,2.0,0.0,0.0,0.0
362,2.0,0.0,0.0,1.0,1.0,0.0,2.0,1.0,0.0,0.0,0.0
363,0.0,0.0,0.0,0.0,1.0,0.0,0.0,0.0,0.0,0.0,0.0
364,0.0,0.0,0.0,1.0,0.0,0.0,0.0,0.0,0.0,0.0,0.0
365,0.0,1.0,0.0,0.0,0.0,0.0,0.0,0.0,0.0,0.0,0.0
366,0.0,0.0,0.0,0.0,0.0,0.0,0.0,0.0,0.0,0.0,0.0
367,0.0,0.0,0.0,1.0,0.0,0.0,0.0,0.0,0.0,0.0,1.0
368,0.0,0.0,1.0,1.0,0.0,0.0,1.0,0.0,0.0,0.0,0.0
369,3.0,0.0,1.0,0.0,0.0,0.0,0.0,0.0,1.0,0.0,0.0
370,0.0,1.0,0.0,1.0,1.0,0.0,0.0,0.0,2.0,0.0,1.0
371,0.0,3.0,1.0,0.0,1.0,1.0,0.0,0.0,2.0,0.0,1.0
372,1.0,1.0,0.0,0.0,0.0,1.0,0.0,0.0,2.0,0.0,0.0
373,0.0,0.0,0.0,1.0,1.0,0.0,1.0,0.0,2.0,0.0,0.0
374,0.0,1.0,1.0,1.0,0.0,0.0,0.0,1.0,3.0,0.0,2.0
375,1.0,1.0,0.0,2.0,2.0,1.0,0.0,2.0,3.0,1.0,1.0
376,0.0,1.0,0.0,1.0,1.0,2.0,1.0,1.0,2.0,1.0,3.0
377,1.0,2.0,1.0,1.0,0.0,1.0,0.0,0.0,3.0,1.0,2.0
378,2.0,1.0,1.0,2.0,1.0,0.0,1.0,0.0,1.0,1.0,1.0
379,0.0,0.0,0.0,1.0,0.0,1.0,1.0,1.0,2.0,0.0,0.0
380,1.0,1.0,0.0,2.0,1.0,0.0,2.0,0.0,1.0,2.0,1.0
381,2.0,2.0,2.0,0.0,1.0,0.0,2.0,3.0,1.0,1.0,2.0
382,2.0,0.0,0.0,0.0,0.0,0.0,2.0,0.0,0.0,0.0,1.0
383,2.0,0.0,1.0,0.0,1.0,1.0,1.0,0.0,0.0,2.0,2.0
384,0.0,2.0,1.0,1.0,1.0,0.0,0.0,1.0,0.0,0.0,1.0
385,0.0,1.0,0.0,2.0,1.0,0.0,0.0,0.0,1.0,0.0,1.0
386,1.0,0.0,0.0,0.0,0.0,0.0,1.0,0.0,0.0,0.0,0.0
387,0.0,1.0,0.0,1.0,0.0,0.0,0.0,0.0,0.0,1.0,0.0
388,0.0,0.0,0.0,0.0,0.0,0.0,1.0,0.0,0.0,0.0,0.0
389,1.0,0.0,0.0,0.0,0.0,0.0,0.0,0.0,0.0,0.0,0.0
390,0.0,0.0,0.0,0.0,1.0,0.0,0.0,0.0,0.0,0.0,0.0
391,0.0,0.0,0.0,2.0,0.0,0.0,0.0,0.0,0.0,0.0,0.0
392,0.0,0.0,0.0,0.0,1.0,0.0,0.0,0.0,0.0,0.0,0.0
393,0.0,0.0,0.0,1.0,0.0,1.0,0.0,0.0,1.0,0.0,1.0
394,0.0,2.0,0.0,3.0,0.0,0.0,1.0,0.0,2.0,2.0,0.0
395,0.0,2.0,0.0,0.0,2.0,0.0,0.0,0.0,2.0,0.0,0.0
396,0.0,3.0,2.0,1.0,0.0,1.0,0.0,1.0,1.0,0.0,2.0
397,0.0,1.0,0.0,0.0,0.0,0.0,0.0,2.0,0.0,0.0,2.0
398,1.0,0.0,1.0,0.0,1.0,0.0,1.0,1.0,5.0,2.0,0.0
399,0.0,2.0,0.0,2.0,0.0,0.0,0.0,0.0,5.0,0.0,3.0
400,1.0,1.0,0.0,3.0,1.0,0.0,1.0,2.0,1.0,1.0,1.0
401,2.0,3.0,1.0,0.0,1.0,0.0,1.0,0.0,3.0,0.0,1.0
402,2.0,0.0,1.0,1.0,0.0,0.0,1.0,1.0,2.0,0.0,0.0
403,0.0,0.0,1.0,0.0,0.0,0.0,4.0,1.0,1.0,0.0,0.0
404,1.0,1.0,4.0,1.0,1.0,0.0,0.0,1.0,1.0,0.0,2.0
405,3.0,2.0,0.0,2.0,1.0,1.0,2.0,2.0,0.0,2.0,2.0
406,0.0,0.0,1.0,2.0,2.0,1.0,1.0,0.0,0.0,2.0,1.0
407,0.0,0.0,0.0,1.0,0.0,0.0,0.0,0.0,1.0,1.0,0.0
408,1.0,0.0,1.0,0.0,0.0,0.0,0.0,1.0,0.0,0.0,0.0
409,2.0,2.0,0.0,0.0,0.0,0.0,0.0,0.0,0.0,0.0,1.0
410,0.0,0.0,0.0,0.0,0.0,0.0,0.0,0.0,0.0,0.0,0.0
411,1.0,0.0,0.0,0.0,0.0,0.0,0.0,0.0,0.0,0.0,0.0
412,0.0,0.0,0.0,0.0,0.0,0.0,0.0,1.0,0.0,0.0,0.0
413,0.0,1.0,0.0,0.0,0.0,1.0,0.0,0.0,0.0,0.0,0.0
414,0.0,0.0,0.0,0.0,0.0,0.0,0.0,0.0,0.0,0.0,0.0
415,0.0,1.0,1.0,1.0,2.0,0.0,0.0,0.0,0.0,0.0,3.0
416,1.0,0.0,0.0,0.0,0.0,0.0,0.0,0.0,0.0,0.0,0.0
417,0.0,1.0,0.0,0.0,0.0,0.0,0.0,0.0,0.0,1.0,1.0
418,1.0,0.0,0.0,0.0,0.0,0.0,0.0,0.0,1.0,0.0,0.0
419,0.0,0.0,0.0,0.0,0.0,0.0,0.0,0.0,0.0,0.0,0.0
420,0.0,0.0,0.0,0.0,0.0,1.0,0.0,0.0,3.0,1.0,1.0
421,1.0,0.0,0.0,0.0,0.0,0.0,0.0,0.0,2.0,0.0,0.0
422,0.0,1.0,0.0,0.0,0.0,0.0,0.0,0.0,1.0,0.0,2.0
423,0.0,0.0,0.0,0.0,0.0,1.0,2.0,0.0,1.0,0.0,1.0
424,1.0,1.0,0.0,0.0,1.0,0.0,0.0,0.0,1.0,0.0,2.0
425,0.0,2.0,0.0,0.0,1.0,0.0,0.0,0.0,0.0,0.0,0.0
426,0.0,4.0,0.0,1.0,0.0,1.0,0.0,1.0,1.0,0.0,1.0
427,0.0,1.0,0.0,0.0,0.0,0.0,0.0,2.0,0.0,0.0,0.0
428,0.0,1.0,0.0,1.0,1.0,1.0,0.0,0.0,1.0,0.0,0.0
429,2.0,0.0,0.0,1.0,0.0,0.0,0.0,1.0,1.0,4.0,0.0
430,1.0,0.0,0.0,1.0,0.0,0.0,0.0,1.0,0.0,0.0,2.0
431,1.0,1.0,1.0,0.0,0.0,0.0,0.0,1.0,0.0,1.0,0.0
432,1.0,0.0,0.0,1.0,0.0,0.0,0.0,0.0,0.0,0.0,0.0
433,0.0,0.0,0.0,0.0,0.0,0.0,0.0,0.0,0.0,0.0,0.0
434,1.0,0.0,0.0,0.0,0.0,1.0,0.0,0.0,0.0,0.0,0.0
435,0.0,0.0,0.0,0.0,0.0,0.0,0.0,0.0,0.0,0.0,0.0
436,0.0,0.0,0.0,0.0,0.0,0.0,0.0,0.0,0.0,0.0,0.0
437,0.0,0.0,0.0,0.0,0.0,1.0,0.0,0.0,0.0,0.0,0.0
438,0.0,0.0,0.0,0.0,0.0,0.0,0.0,0.0,0.0,0.0,0.0
439,0.0,0.0,0.0,0.0,1.0,0.0,0.0,1.0,0.0,0.0,0.0
440,0.0,1.0,0.0,0.0,1.0,0.0,0.0,0.0,1.0,0.0,0.0
441,0.0,0.0,0.0,0.0,0.0,0.0,0.0,0.0,1.0,0.0,0.0
442,0.0,0.0,0.0,2.0,0.0,0.0,1.0,0.0,0.0,0.0,0.0
443,0.0,0.0,0.0,1.0,1.0,0.0,1.0,0.0,2.0,0.0,0.0
444,0.0,0.0,0.0,1.0,0.0,0.0,2.0,0.0,0.0,0.0,0.0
445,0.0,0.0,0.0,0.0,0.0,1.0,0.0,0.0,1.0,0.0,0.0
446,1.0,1.0,1.0,0.0,0.0,0.0,0.0,1.0,4.0,0.0,0.0
447,0.0,1.0,0.0,2.0,0.0,0.0,0.0,0.0,0.0,0.0,0.0
448,0.0,1.0,1.0,0.0,0.0,0.0,0.0,1.0,3.0,0.0,2.0
449,0.0,0.0,0.0,1.0,0.0,0.0,0.0,2.0,0.0,0.0,1.0
450,1.0,1.0,0.0,1.0,0.0,1.0,0.0,0.0,1.0,0.0,1.0
451,2.0,1.0,1.0,2.0,0.0,1.0,1.0,2.0,1.0,0.0,0.0
452,1.0,0.0,1.0,1.0,1.0,0.0,2.0,1.0,2.0,2.0,1.0
453,1.0,2.0,0.0,3.0,0.0,0.0,1.0,0.0,0.0,0.0,0.0
454,0.0,0.0,1.0,0.0,1.0,1.0,0.0,2.0,0.0,1.0,1.0
455,0.0,0.0,0.0,0.0,1.0,0.0,0.0,0.0,0.0,1.0,0.0
456,1.0,1.0,0.0,0.0,0.0,0.0,0.0,0.0,0.0,0.0,0.0
457,0.0,1.0,0.0,0.0,1.0,0.0,0.0,0.0,0.0,0.0,0.0
458,0.0,0.0,0.0,0.0,0.0,0.0,1.0,0.0,0.0,0.0,0.0
459,0.0,0.0,0.0,0.0,0.0,0.0,0.0,0.0,0.0,0.0,0.0
460,0.0,0.0,0.0,0.0,0.0,0.0,1.0,0.0,0.0,0.0,0.0
461,0.0,1.0,0.0,0.0,0.0,0.0,0.0,0.0,0.0,0.0,0.0
462,0.0,0.0,1.0,0.0,0.0,0.0,0.0,0.0,0.0,0.0,0.0
463,0.0,1.0,0.0,1.0,0.0,0.0,0.0,0.0,1.0,2.0,0.0
464,0.0,0.0,0.0,0.0,0.0,0.0,0.0,0.0,0.0,0.0,2.0
465,0.0,1.0,0.0,0.0,0.0,0.0,1.0,0.0,0.0,1.0,0.0
466,0.0,0.0,0.0,0.0,0.0,0.0,0.0,0.0,1.0,0.0,0.0
467,0.0,0.0,0.0,1.0,0.0,0.0,1.0,0.0,2.0,1.0,0.0
468,0.0,0.0,0.0,1.0,0.0,0.0,3.0,0.0,0.0,0.0,0.0
469,0.0,0.0,0.0,0.0,1.0,1.0,0.0,0.0,0.0,0.0,0.0
470,0.0,3.0,0.0,0.0,1.0,0.0,0.0,0.0,0.0,0.0,1.0
471,0.0,0.0,0.0,1.0,0.0,0.0,0.0,0.0,4.0,0.0,0.0
472,0.0,0.0,0.0,0.0,0.0,0.0,0.0,1.0,2.0,0.0,1.0
473,1.0,0.0,0.0,0.0,0.0,0.0,0.0,0.0,2.0,0.0,2.0
474,0.0,1.0,1.0,0.0,0.0,1.0,0.0,1.0,4.0,2.0,0.0
475,1.0,3.0,1.0,0.0,0.0,2.0,1.0,1.0,2.0,0.0,2.0
476,0.0,0.0,0.0,0.0,1.0,0.0,1.0,0.0,0.0,0.0,0.0
477,0.0,0.0,2.0,1.0,1.0,2.0,0.0,1.0,0.0,0.0,2.0
478,2.0,3.0,0.0,2.0,0.0,0.0,2.0,0.0,0.0,0.0,2.0
479,1.0,0.0,1.0,1.0,2.0,0.0,2.0,1.0,0.0,0.0,0.0
480,0.0,0.0,0.0,1.0,0.0,0.0,0.0,1.0,0.0,0.0,0.0
481,0.0,0.0,0.0,0.0,1.0,0.0,0.0,1.0,0.0,1.0,1.0
482,0.0,0.0,0.0,0.0,0.0,0.0,0.0,0.0,0.0,0.0,0.0
483,0.0,0.0,0.0,0.0,0.0,0.0,0.0,0.0,0.0,0.0,0.0
484,0.0,0.0,0.0,0.0,0.0,0.0,0.0,0.0,0.0,0.0,0.0
485,0.0,0.0,0.0,0.0,0.0,0.0,0.0,0.0,0.0,0.0,0.0
486,0.0,0.0,0.0,0.0,1.0,0.0,0.0,0.0,0.0,0.0,0.0
487,0.0,0.0,0.0,1.0,1.0,0.0,0.0,0.0,0.0,1.0,0.0
488,0.0,0.0,0.0,0.0,1.0,0.0,0.0,0.0,0.0,0.0,1.0
489,1.0,0.0,0.0,0.0,0.0,0.0,1.0,0.0,0.0,0.0,0.0
490,1.0,0.0,0.0,1.0,0.0,0.0,1.0,0.0,0.0,0.0,0.0
491,0.0,0.0,0.0,0.0,0.0,1.0,0.0,0.0,0.0,0.0,1.0
492,0.0,1.0,0.0,0.0,0.0,0.0,0.0,0.0,2.0,1.0,2.0
493,1.0,0.0,0.0,0.0,2.0,0.0,0.0,0.0,1.0,1.0,0.0
494,0.0,0.0,0.0,2.0,0.0,0.0,0.0,0.0,1.0,0.0,0.0
495,0.0,1.0,1.0,0.0,1.0,0.0,1.0,1.0,1.0,0.0,0.0
496,2.0,0.0,1.0,1.0,2.0,0.0,0.0,0.0,0.0,0.0,0.0
497,0.0,0.0,1.0,1.0,0.0,1.0,0.0,0.0,0.0,2.0,1.0
498,0.0,0.0,0.0,1.0,0.0,0.0,0.0,1.0,3.0,1.0,2.0
499,0.0,2.0,1.0,1.0,0.0,1.0,1.0,1.0,0.0,0.0,1.0
500,2.0,1.0,1.0,0.0,1.0,3.0,0.0,1.0,0.0,0.0,0.0
501,1.0,0.0,1.0,0.0,0.0,0.0,0.0,0.0,2.0,1.0,1.0
502,1.0,0.0,0.0,1.0,1.0,0.0,2.0,1.0,0.0,1.0,0.0
503,1.0,1.0,1.0,2.0,0.0,0.0,1.0,0.0,0.0,0.0,0.0
504,0.0,1.0,0.0,0.0,0.0,0.0,0.0,0.0,0.0,0.0,0.0
505,0.0,0.0,0.0,0.0,0.0,0.0,0.0,0.0,0.0,0.0,0.0
506,0.0,0.0,0.0,0.0,1.0,1.0,0.0,0.0,0.0,0.0,0.0
507,0.0,0.0,0.0,0.0,0.0,0.0,0.0,0.0,0.0,0.0,0.0
508,0.0,0.0,0.0,0.0,0.0,1.0,0.0,0.0,0.0,0.0,0.0
509,0.0,0.0,0.0,0.0,0.0,0.0,0.0,0.0,0.0,0.0,0.0
510,0.0,1.0,1.0,0.0,0.0,0.0,0.0,0.0,0.0,0.0,0.0
511,0.0,0.0,1.0,1.0,1.0,0.0,0.0,0.0,0.0,0.0,2.0
512,0.0,0.0,1.0,0.0,0.0,0.0,0.0,0.0,2.0,0.0,0.0
513,0.0,0.0,1.0,0.0,0.0,0.0,1.0,0.0,1.0,0.0,1.0
514,0.0,0.0,0.0,3.0,0.0,0.0,0.0,0.0,1.0,0.0,0.0
515,0.0,0.0,0.0,0.0,1.0,0.0,2.0,0.0,0.0,1.0,1.0
516,0.0,0.0,0.0,0.0,0.0,0.0,1.0,0.0,0.0,0.0,1.0
517,0.0,0.0,0.0,0.0,0.0,0.0,1.0,0.0,1.0,0.0,3.0
518,0.0,0.0,1.0,0.0,1.0,1.0,1.0,0.0,0.0,0.0,0.0
519,1.0,1.0,1.0,0.0,0.0,1.0,0.0,1.0,3.0,0.0,0.0
520,1.0,1.0,0.0,0.0,2.0,0.0,0.0,0.0,0.0,0.0,1.0
521,0.0,0.0,1.0,1.0,0.0,0.0,0.0,1.0,0.0,0.0,0.0
522,1.0,1.0,0.0,1.0,1.0,0.0,1.0,2.0,4.0,0.0,5.0
523,2.0,3.0,1.0,2.0,1.0,0.0,1.0,1.0,3.0,0.0,2.0
524,1.0,1.0,1.0,1.0,0.0,0.0,2.0,2.0,1.0,1.0,1.0
525,2.0,1.0,1.0,2.0,0.0,1.0,1.0,0.0,1.0,1.0,1.0
526,2.0,1.0,1.0,0.0,0.0,0.0,0.0,0.0,0.0,3.0,1.0
527,2.0,2.0,0.0,0.0,0.0,0.0,0.0,0.0,0.0,0.0,1.0
528,1.0,0.0,1.0,2.0,1.0,0.0,1.0,0.0,0.0,1.0,0.0
529,1.0,0.0,0.0,1.0,0.0,0.0,0.0,0.0,0.0,0.0,0.0
530,1.0,1.0,0.0,0.0,0.0,0.0,0.0,1.0,0.0,0.0,0.0
531,0.0,0.0,0.0,0.0,0.0,0.0,1.0,0.0,0.0,0.0,0.0
532,0.0,0.0,0.0,0.0,0.0,0.0,0.0,0.0,0.0,0.0,0.0
533,1.0,0.0,0.0,0.0,0.0,0.0,0.0,0.0,0.0,0.0,0.0
534,0.0,1.0,0.0,0.0,0.0,0.0,0.0,0.0,0.0,0.0,0.0
535,0.0,0.0,0.0,1.0,0.0,0.0,0.0,0.0,0.0,0.0,0.0
536,0.0,0.0,1.0,0.0,0.0,0.0,2.0,0.0,3.0,0.0,2.0
537,0.0,0.0,0.0,0.0,0.0,0.0,1.0,0.0,2.0,0.0,0.0
538,0.0,1.0,0.0,1.0,1.0,0.0,2.0,0.0,1.0,0.0,0.0
539,0.0,1.0,0.0,0.0,0.0,0.0,1.0,0.0,1.0,1.0,0.0
540,1.0,1.0,1.0,2.0,1.0,1.0,0.0,0.0,1.0,1.0,1.0
541,1.0,0.0,0.0,0.0,1.0,1.0,0.0,1.0,3.0,1.0,0.0
542,1.0,0.0,1.0,1.0,0.0,0.0,0.0,0.0,1.0,0.0,1.0
543,0.0,1.0,0.0,2.0,1.0,0.0,1.0,0.0,1.0,0.0,0.0
544,0.0,0.0,0.0,1.0,0.0,1.0,1.0,0.0,3.0,0.0,1.0
545,1.0,2.0,1.0,1.0,0.0,2.0,0.0,0.0,2.0,0.0,2.0
546,1.0,0.0,0.0,3.0,2.0,0.0,1.0,1.0,2.0,0.0,0.0
547,3.0,1.0,0.0,0.0,0.0,0.0,1.0,2.0,4.0,0.0,0.0
548,0.0,0.0,3.0,1.0,0.0,0.0,1.0,0.0,2.0,0.0,1.0
549,1.0,1.0,0.0,1.0,0.0,0.0,1.0,3.0,1.0,0.0,1.0
550,1.0,2.0,1.0,1.0,1.0,1.0,0.0,2.0,1.0,2.0,2.0
551,2.0,0.0,2.0,0.0,1.0,2.0,4.0,1.0,0.0,0.0,0.0
552,0.0,0.0,0.0,1.0,0.0,0.0,0.0,0.0,0.0,1.0,1.0
553,1.0,0.0,1.0,1.0,1.0,0.0,0.0,0.0,0.0,0.0,2.0
554,0.0,1.0,0.0,1.0,1.0,0.0,0.0,0.0,0.0,0.0,0.0
555,0.0,0.0,1.0,0.0,1.0,0.0,0.0,0.0,0.0,0.0,0.0
556,0.0,0.0,0.0,0.0,0.0,0.0,0.0,0.0,0.0,0.0,0.0
557,0.0,0.0,0.0,0.0,0.0,0.0,0.0,0.0,0.0,0.0,0.0
558,0.0,0.0,0.0,0.0,1.0,0.0,0.0,1.0,0.0,0.0,0.0
559,0.0,1.0,0.0,0.0,0.0,0.0,0.0,0.0,0.0,0.0,0.0
560,0.0,1.0,0.0,0.0,0.0,0.0,1.0,0.0,1.0,0.0,0.0
561,0.0,2.0,2.0,0.0,0.0,0.0,0.0,0.0,1.0,3.0,0.0
562,1.0,0.0,0.0,1.0,2.0,1.0,1.0,0.0,0.0,0.0,0.0
563,0.0,0.0,1.0,1.0,1.0,2.0,0.0,1.0,2.0,0.0,0.0
564,0.0,0.0,1.0,0.0,0.0,0.0,1.0,1.0,2.0,0.0,2.0
565,2.0,4.0,1.0,1.0,0.0,0.0,2.0,1.0,2.0,0.0,0.0
566,0.0,1.0,2.0,0.0,1.0,0.0,1.0,0.0,3.0,1.0,1.0
567,0.0,1.0,0.0,0.0,0.0,2.0,0.0,1.0,1.0,1.0,3.0
568,0.0,0.0,1.0,0.0,1.0,1.0,1.0,0.0,4.0,2.0,1.0
569,1.0,1.0,1.0,1.0,0.0,0.0,1.0,1.0,5.0,0.0,2.0
570,1.0,0.0,0.0,1.0,2.0,1.0,1.0,2.0,1.0,0.0,0.0
571,1.0,1.0,1.0,1.0,1.0,1.0,0.0,0.0,2.0,0.0,2.0
572,0.0,0.0,2.0,1.0,0.0,0.0,2.0,1.0,1.0,0.0,2.0
573,1.0,2.0,4.0,0.0,0.0,1.0,1.0,0.0,0.0,0.0,0.0
574,1.0,1.0,0.0,3.0,1.0,1.0,1.0,1.0,0.0,0.0,0.0
575,2.0,0.0,0.0,0.0,1.0,1.0,2.0,1.0,0.0,0.0,1.0
576,0.0,0.0,0.0,0.0,0.0,1.0,0.0,0.0,0.0,0.0,0.0
577,1.0,0.0,0.0,0.0,0.0,0.0,0.0,0.0,0.0,0.0,0.0
578,0.0,0.0,0.0,0.0,0.0,0.0,0.0,0.0,0.0,0.0,0.0
579,0.0,0.0,0.0,0.0,1.0,0.0,0.0,0.0,0.0,0.0,0.0
580,0.0,0.0,0.0,0.0,1.0,0.0,0.0,0.0,1.0,0.0,0.0
581,0.0,1.0,0.0,0.0,0.0,0.0,0.0,0.0,0.0,0.0,0.0
582,0.0,1.0,0.0,0.0,0.0,0.0,0.0,0.0,0.0,0.0,0.0
583,0.0,0.0,0.0,0.0,0.0,0.0,2.0,0.0,0.0,0.0,0.0
584,0.0,1.0,0.0,2.0,1.0,0.0,0.0,0.0,1.0,0.0,1.0
585,0.0,1.0,0.0,0.0,0.0,0.0,1.0,1.0,2.0,0.0,0.0
586,2.0,0.0,0.0,1.0,0.0,0.0,0.0,0.0,0.0,0.0,0.0
587,0.0,1.0,1.0,0.0,1.0,1.0,0.0,1.0,0.0,0.0,0.0
588,0.0,0.0,0.0,0.0,0.0,0.0,0.0,0.0,0.0,0.0,1.0
589,0.0,0.0,0.0,0.0,0.0,1.0,1.0,0.0,0.0,0.0,1.0
590,0.0,2.0,1.0,0.0,1.0,0.0,0.0,0.0,0.0,0.0,2.0
591,1.0,0.0,0.0,0.0,0.0,0.0,1.0,0.0,2.0,2.0,1.0
592,0.0,1.0,0.0,2.0,0.0,0.0,0.0,0.0,2.0,0.0,0.0
593,1.0,0.0,0.0,1.0,1.0,1.0,3.0,1.0,3.0,1.0,1.0
594,0.0,0.0,0.0,1.0,0.0,1.0,0.0,1.0,3.0,1.0,2.0
595,0.0,0.0,0.0,1.0,1.0,2.0,0.0,0.0,0.0,1.0,2.0
596,1.0,0.0,1.0,1.0,1.0,0.0,2.0,0.0,1.0,0.0,0.0
597,0.0,0.0,1.0,0.0,1.0,0.0,1.0,1.0,0.0,1.0,1.0
598,0.0,1.0,0.0,2.0,1.0,0.0,0.0,1.0,0.0,0.0,0.0
599,0.0,1.0,1.0,1.0,1.0,0.0,0.0,0.0,0.0,1.0,0.0
600,0.0,0.0,0.0,0.0,1.0,0.0,1.0,0.0,0.0,0.0,0.0
601,0.0,0.0,0.0,0.0,0.0,0.0,0.0,0.0,0.0,0.0,0.0
602,0.0,0.0,0.0,0.0,0.0,0.0,0.0,0.0,0.0,0.0,0.0
603,0.0,0.0,0.0,0.0,1.0,0.0,0.0,0.0,0.0,0.0,0.0
604,0.0,0.0,0.0,0.0,0.0,1.0,0.0,0.0,0.0,0.0,0.0
605,0.0,0.0,0.0,0.0,0.0,0.0,0.0,0.0,0.0,0.0,0.0
606,0.0,0.0,0.0,1.0,0.0,1.0,1.0,0.0,0.0,0.0,0.0
607,0.0,0.0,0.0,0.0,0.0,0.0,0.0,1.0,1.0,0.0,1.0
608,0.0,0.0,0.0,0.0,0.0,0.0,0.0,1.0,0.0,0.0,0.0
609,0.0,0.0,0.0,0.0,1.0,1.0,1.0,0.0,2.0,0.0,0.0
610,0.0,2.0,0.0,1.0,0.0,0.0,0.0,1.0,0.0,0.0,0.0
611,0.0,0.0,0.0,0.0,0.0,1.0,0.0,0.0,1.0,1.0,0.0
612,0.0,0.0,0.0,0.0,0.0,0.0,0.0,1.0,0.0,0.0,0.0
613,0.0,0.0,0.0,0.0,1.0,0.0,0.0,0.0,1.0,0.0,0.0
614,0.0,2.0,0.0,1.0,0.0,0.0,1.0,0.0,1.0,2.0,0.0
615,0.0,1.0,1.0,3.0,0.0,0.0,0.0,0.0,0.0,0.0,0.0
616,1.0,0.0,1.0,0.0,1.0,0.0,0.0,0.0,1.0,0.0,1.0
617,0.0,0.0,0.0,1.0,0.0,0.0,1.0,2.0,0.0,0.0,1.0
618,1.0,0.0,0.0,1.0,0.0,1.0,0.0,2.0,0.0,0.0,1.0
619,2.0,1.0,0.0,1.0,0.0,0.0,0.0,1.0,4.0,0.0,3.0
620,1.0,1.0,1.0,2.0,0.0,0.0,0.0,0.0,2.0,0.0,0.0
621,0.0,0.0,1.0,1.0,0.0,1.0,0.0,0.0,0.0,1.0,0.0
622,0.0,0.0,0.0,0.0,0.0,0.0,0.0,1.0,0.0,0.0,1.0
623,0.0,0.0,0.0,1.0,0.0,0.0,0.0,0.0,0.0,1.0,0.0
624,0.0,0.0,0.0,1.0,0.0,0.0,1.0,0.0,0.0,0.0,0.0
625,0.0,0.0,0.0,1.0,0.0,0.0,0.0,0.0,0.0,0.0,0.0
626,0.0,0.0,0.0,0.0,0.0,0.0,0.0,1.0,0.0,0.0,0.0
627,0.0,0.0,0.0,0.0,0.0,0.0,0.0,0.0,0.0,0.0,0.0
628,0.0,0.0,0.0,0.0,0.0,0.0,0.0,0.0,0.0,0.0,0.0
629,0.0,0.0,0.0,0.0,0.0,0.0,0.0,0.0,0.0,0.0,0.0
630,0.0,0.0,0.0,0.0,0.0,1.0,0.0,0.0,0.0,0.0,0.0
631,0.0,0.0,0.0,0.0,0.0,0.0,0.0,0.0,0.0,0.0,0.0
632,0.0,0.0,1.0,0.0,1.0,0.0,1.0,1.0,1.0,0.0,0.0
633,1.0,0.0,0.0,0.0,1.0,1.0,0.0,2.0,0.0,0.0,0.0
634,1.0,0.0,0.0,0.0,0.0,0.0,0.0,0.0,2.0,1.0,0.0
635,0.0,0.0,0.0,0.0,1.0,0.0,2.0,0.0,1.0,0.0,0.0
636,0.0,0.0,0.0,0.0,0.0,0.0,0.0,1.0,1.0,0.0,0.0
637,3.0,1.0,1.0,0.0,0.0,0.0,0.0,0.0,0.0,0.0,2.0
638,1.0,0.0,0.0,0.0,0.0,0.0,0.0,0.0,0.0,0.0,0.0
639,0.0,1.0,0.0,0.0,0.0,0.0,0.0,0.0,1.0,0.0,0.0
640,0.0,0.0,0.0,0.0,1.0,0.0,0.0,0.0,0.0,1.0,0.0
641,1.0,0.0,0.0,0.0,0.0,0.0,0.0,1.0,1.0,0.0,1.0
642,0.0,0.0,0.0,1.0,0.0,2.0,2.0,2.0,0.0,0.0,0.0
643,0.0,3.0,0.0,1.0,0.0,0.0,0.0,1.0,2.0,1.0,0.0
644,0.0,0.0,1.0,0.0,1.0,1.0,0.0,0.0,0.0,1.0,3.0
645,0.0,0.0,1.0,0.0,2.0,1.0,0.0,0.0,0.0,1.0,0.0
646,0.0,0.0,3.0,0.0,0.0,0.0,2.0,0.0,0.0,2.0,1.0
647,0.0,0.0,0.0,1.0,1.0,0.0,0.0,0.0,0.0,0.0,2.0
648,0.0,0.0,1.0,0.0,1.0,0.0,0.0,0.0,0.0,0.0,0.0
649,0.0,0.0,0.0,1.0,0.0,0.0,0.0,0.0,0.0,0.0,1.0
650,0.0,0.0,0.0,0.0,0.0,0.0,1.0,0.0,0.0,0.0,0.0
651,0.0,0.0,0.0,0.0,0.0,0.0,0.0,0.0,0.0,0.0,0.0
652,0.0,0.0,0.0,0.0,0.0,0.0,0.0,0.0,0.0,0.0,0.0
653,0.0,0.0,0.0,0.0,0.0,0.0,0.0,0.0,0.0,0.0,0.0
654,0.0,0.0,0.0,0.0,0.0,2.0,0.0,0.0,0.0,0.0,0.0
655,0.0,1.0,0.0,0.0,0.0,0.0,0.0,0.0,0.0,0.0,1.0
656,0.0,0.0,2.0,0.0,0.0,1.0,1.0,1.0,0.0,0.0,0.0
657,0.0,0.0,0.0,1.0,0.0,0.0,0.0,1.0,1.0,0.0,0.0
658,0.0,0.0,0.0,0.0,0.0,2.0,0.0,0.0,0.0,0.0,0.0
659,0.0,1.0,0.0,0.0,1.0,0.0,1.0,0.0,3.0,0.0,0.0
660,0.0,1.0,1.0,0.0,0.0,2.0,0.0,0.0,2.0,0.0,0.0
661,1.0,1.0,0.0,0.0,0.0,0.0,0.0,0.0,0.0,0.0,0.0
662,0.0,0.0,0.0,1.0,0.0,0.0,2.0,0.0,0.0,0.0,1.0
663,0.0,0.0,0.0,0.0,1.0,1.0,0.0,0.0,2.0,0.0,1.0
664,0.0,0.0,0.0,0.0,0.0,0.0,1.0,0.0,1.0,0.0,1.0
665,0.0,0.0,0.0,1.0,0.0,0.0,1.0,0.0,1.0,0.0,0.0
666,0.0,3.0,0.0,2.0,1.0,0.0,0.0,0.0,1.0,0.0,1.0
667,0.0,0.0,0.0,1.0,1.0,2.0,0.0,0.0,3.0,1.0,2.0
668,1.0,0.0,0.0,0.0,0.0,0.0,1.0,1.0,1.0,0.0,0.0
669,1.0,0.0,1.0,0.0,0.0,0.0,0.0,0.0,0.0,0.0,0.0
670,1.0,2.0,1.0,0.0,0.0,1.0,0.0,0.0,0.0,0.0,0.0
671,1.0,1.0,0.0,1.0,1.0,0.0,0.0,0.0,1.0,0.0,0.0
672,0.0,1.0,0.0,2.0,1.0,0.0,0.0,0.0,0.0,0.0,0.0
673,0.0,0.0,1.0,1.0,0.0,0.0,0.0,0.0,0.0,0.0,0.0
674,0.0,0.0,0.0,0.0,0.0,0.0,0.0,0.0,0.0,1.0,0.0
675,0.0,0.0,0.0,0.0,0.0,0.0,0.0,0.0,0.0,0.0,0.0
676,0.0,0.0,0.0,0.0,0.0,0.0,0.0,0.0,0.0,0.0,0.0
677,0.0,0.0,0.0,0.0,0.0,0.0,0.0,0.0,0.0,0.0,0.0
678,0.0,0.0,0.0,0.0,1.0,1.0,1.0,0.0,0.0,0.0,0.0
679,0.0,0.0,0.0,0.0,0.0,0.0,0.0,0.0,0.0,0.0,1.0
680,0.0,0.0,0.0,0.0,0.0,0.0,0.0,1.0,2.0,0.0,0.0
681,0.0,0.0,0.0,1.0,1.0,0.0,1.0,1.0,0.0,2.0,1.0
682,0.0,0.0,0.0,1.0,0.0,0.0,2.0,0.0,1.0,1.0,0.0
683,2.0,0.0,0.0,0.0,0.0,0.0,1.0,0.0,2.0,0.0,0.0
684,0.0,1.0,3.0,2.0,0.0,0.0,1.0,0.0,0.0,2.0,0.0
685,0.0,0.0,0.0,1.0,0.0,0.0,1.0,1.0,2.0,0.0,0.0
686,1.0,1.0,0.0,0.0,0.0,0.0,0.0,0.0,0.0,0.0,0.0
687,1.0,1.0,0.0,1.0,0.0,0.0,0.0,0.0,0.0,0.0,1.0
688,1.0,1.0,0.0,0.0,0.0,0.0,1.0,0.0,2.0,1.0,0.0
689,0.0,1.0,1.0,1.0,0.0,0.0,1.0,0.0,1.0,2.0,0.0
690,1.0,0.0,0.0,1.0,0.0,0.0,1.0,2.0,3.0,0.0,2.0
691,0.0,0.0,1.0,3.0,0.0,0.0,0.0,1.0,2.0,1.0,3.0
692,0.0,0.0,2.0,1.0,1.0,0.0,1.0,1.0,1.0,3.0,1.0
693,1.0,0.0,0.0,2.0,1.0,1.0,1.0,0.0,0.0,1.0,1.0
694,1.0,2.0,1.0,1.0,0.0,0.0,0.0,1.0,0.0,0.0,1.0
695,1.0,1.0,0.0,4.0,0.0,1.0,0.0,0.0,0.0,0.0,1.0
696,0.0,0.0,0.0,0.0,0.0,0.0,1.0,0.0,0.0,1.0,0.0
697,2.0,3.0,0.0,0.0,0.0,1.0,0.0,1.0,0.0,1.0,0.0
698,2.0,0.0,1.0,1.0,0.0,1.0,1.0,0.0,0.0,0.0,0.0
699,0.0,0.0,0.0,0.0,1.0,0.0,0.0,0.0,0.0,0.0,0.0
700,0.0,0.0,0.0,1.0,0.0,0.0,0.0,0.0,0.0,0.0,0.0
701,0.0,0.0,0.0,0.0,1.0,0.0,0.0,0.0,0.0,0.0,0.0
702,0.0,0.0,0.0,0.0,0.0,0.0,0.0,0.0,0.0,0.0,0.0
703,0.0,0.0,0.0,0.0,0.0,1.0,0.0,1.0,0.0,0.0,0.0
704,0.0,0.0,1.0,0.0,0.0,0.0,0.0,0.0,0.0,0.0,0.0
705,0.0,1.0,0.0,0.0,0.0,0.0,1.0,0.0,0.0,0.0,0.0
706,1.0,1.0,0.0,1.0,0.0,0.0,2.0,0.0,4.0,2.0,0.0
707,1.0,2.0,0.0,1.0,0.0,1.0,1.0,0.0,0.0,0.0,1.0
708,1.0,0.0,1.0,1.0,0.0,0.0,1.0,0.0,1.0,0.0,1.0
709,1.0,2.0,0.0,0.0,0.0,0.0,0.0,0.0,2.0,0.0,1.0
710,0.0,1.0,1.0,2.0,0.0,1.0,0.0,0.0,1.0,0.0,2.0
711,0.0,0.0,0.0,1.0,2.0,0.0,0.0,1.0,2.0,0.0,3.0
712,0.0,1.0,1.0,0.0,0.0,1.0,2.0,0.0,2.0,0.0,1.0
713,0.0,0.0,0.0,1.0,0.0,3.0,1.0,2.0,2.0,0.0,2.0
714,3.0,4.0,1.0,1.0,1.0,1.0,2.0,1.0,4.0,0.0,1.0
715,2.0,1.0,1.0,0.0,1.0,2.0,1.0,0.0,4.0,1.0,3.0
716,2.0,2.0,0.0,0.0,0.0,0.0,1.0,0.0,1.0,1.0,2.0
717,2.0,0.0,2.0,1.0,0.0,1.0,0.0,3.0,0.0,2.0,0.0
718,2.0,0.0,0.0,0.0,0.0,1.0,2.0,1.0,1.0,1.0,1.0
719,2.0,0.0,0.0,2.0,0.0,1.0,0.0,0.0,0.0,0.0,0.0
720,1.0,0.0,0.0,1.0,0.0,0.0,0.0,1.0,0.0,0.0,1.0
721,0.0,1.0,0.0,3.0,0.0,1.0,0.0,0.0,0.0,0.0,0.0
722,0.0,1.0,0.0,1.0,0.0,0.0,0.0,0.0,0.0,0.0,0.0
723,0.0,0.0,0.0,0.0,0.0,0.0,0.0,0.0,0.0,0.0,0.0
724,0.0,0.0,0.0,0.0,0.0,0.0,0.0,0.0,0.0,0.0,0.0
725,0.0,0.0,0.0,0.0,0.0,0.0,0.0,0.0,0.0,0.0,0.0
726,0.0,0.0,0.0,0.0,2.0,0.0,1.0,0.0,1.0,0.0,0.0
727,0.0,0.0,0.0,1.0,0.0,2.0,1.0,0.0,0.0,0.0,0.0
728,0.0,1.0,0.0,2.0,0.0,0.0,0.0,0.0,0.0,0.0,0.0
729,0.0,0.0,1.0,1.0,1.0,0.0,1.0,0.0,1.0,0.0,0.0
730,2.0,0.0,1.0,0.0,1.0,0.0,0.0,0.0,1.0,0.0,0.0
731,0.0,0.0,0.0,1.0,0.0,0.0,2.0,0.0,1.0,0.0,2.0
732,2.0,1.0,0.0,2.0,0.0,0.0,1.0,1.0,1.0,1.0,0.0
733,1.0,0.0,1.0,1.0,0.0,0.0,3.0,1.0,2.0,0.0,2.0
734,0.0,2.0,1.0,2.0,0.0,0.0,1.0,0.0,4.0,0.0,1.0
735,1.0,3.0,1.0,1.0,0.0,0.0,0.0,0.0,3.0,0.0,0.0
736,0.0,1.0,0.0,1.0,0.0,1.0,1.0,0.0,2.0,0.0,1.0
737,1.0,2.0,0.0,0.0,1.0,1.0,3.0,0.0,1.0,0.0,0.0
738,1.0,3.0,1.0,2.0,1.0,0.0,1.0,2.0,3.0,2.0,3.0
739,1.0,2.0,1.0,0.0,1.0,1.0,0.0,4.0,1.0,0.0,2.0
740,3.0,2.0,3.0,0.0,1.0,1.0,5.0,0.0,1.0,0.0,1.0
741,1.0,0.0,0.0,0.0,1.0,1.0,0.0,0.0,0.0,0.0,0.0
742,2.0,0.0,1.0,0.0,1.0,0.0,1.0,0.0,0.0,0.0,3.0
743,1.0,0.0,0.0,1.0,0.0,0.0,1.0,0.0,0.0,1.0,0.0
744,0.0,3.0,0.0,0.0,0.0,1.0,0.0,0.0,0.0,1.0,1.0
745,1.0,0.0,0.0,0.0,0.0,0.0,0.0,1.0,0.0,0.0,0.0
746,1.0,0.0,0.0,0.0,1.0,0.0,0.0,0.0,0.0,0.0,0.0
747,0.0,0.0,0.0,0.0,0.0,0.0,0.0,0.0,0.0,0.0,0.0
748,0.0,0.0,0.0,0.0,0.0,0.0,0.0,0.0,0.0,0.0,0.0
749,0.0,0.0,0.0,0.0,0.0,0.0,0.0,0.0,0.0,0.0,0.0
750,0.0,1.0,1.0,0.0,0.0,1.0,0.0,0.0,0.0,0.0,0.0
751,0.0,0.0,1.0,0.0,1.0,0.0,0.0,0.0,0.0,2.0,0.0
752,0.0,0.0,0.0,0.0,2.0,0.0,0.0,1.0,0.0,1.0,1.0
753,0.0,1.0,0.0,1.0,0.0,1.0,0.0,1.0,1.0,1.0,0.0
754,0.0,0.0,0.0,1.0,0.0,0.0,0.0,0.0,0.0,0.0,0.0
755,0.0,1.0,0.0,0.0,0.0,0.0,1.0,0.0,3.0,0.0,0.0
756,0.0,1.0,0.0,0.0,0.0,1.0,0.0,0.0,0.0,0.0,1.0
757,0.0,2.0,0.0,0.0,0.0,1.0,0.0,0.0,0.0,1.0,0.0
758,0.0,0.0,0.0,1.0,0.0,0.0,0.0,0.0,2.0,0.0,0.0
759,0.0,0.0,0.0,1.0,0.0,0.0,0.0,0.0,1.0,0.0,0.0
760,0.0,1.0,0.0,0.0,0.0,0.0,0.0,0.0,1.0,0.0,0.0
761,0.0,0.0,0.0,1.0,0.0,0.0,1.0,1.0,2.0,0.0,0.0
762,0.0,0.0,1.0,0.0,0.0,1.0,0.0,2.0,3.0,0.0,1.0
763,0.0,2.0,0.0,2.0,2.0,1.0,0.0,2.0,1.0,1.0,3.0
764,2.0,0.0,1.0,0.0,2.0,1.0,0.0,0.0,0.0,0.0,1.0
765,0.0,0.0,1.0,1.0,0.0,0.0,0.0,0.0,1.0,0.0,0.0
766,2.0,0.0,0.0,2.0,0.0,0.0,0.0,0.0,0.0,1.0,0.0
767,0.0,0.0,1.0,2.0,0.0,1.0,0.0,0.0,0.0,1.0,0.0
768,0.0,1.0,0.0,1.0,0.0,0.0,0.0,0.0,0.0,0.0,0.0
769,0.0,1.0,0.0,0.0,0.0,0.0,0.0,0.0,0.0,0.0,0.0
770,1.0,0.0,1.0,0.0,0.0,0.0,0.0,0.0,0.0,0.0,0.0
771,0.0,0.0,0.0,0.0,0.0,0.0,0.0,0.0,0.0,0.0,0.0
772,0.0,0.0,0.0,0.0,0.0,0.0,0.0,0.0,0.0,0.0,0.0
773,0.0,0.0,0.0,0.0,0.0,0.0,0.0,0.0,0.0,0.0,0.0
774,1.0,1.0,1.0,0.0,1.0,0.0,0.0,0.0,1.0,0.0,0.0
775,0.0,0.0,0.0,0.0,0.0,0.0,0.0,0.0,0.0,2.0,0.0
776,0.0,0.0,0.0,0.0,0.0,0.0,0.0,1.0,0.0,0.0,0.0
777,0.0,0.0,0.0,0.0,0.0,0.0,1.0,0.0,0.0,1.0,0.0
778,0.0,0.0,0.0,2.0,0.0,0.0,0.0,0.0,2.0,0.0,1.0
779,1.0,0.0,0.0,0.0,0.0,0.0,1.0,0.0,1.0,0.0,0.0
780,0.0,0.0,0.0,1.0,0.0,0.0,1.0,0.0,0.0,0.0,0.0
781,0.0,0.0,0.0,2.0,0.0,1.0,2.0,0.0,0.0,0.0,0.0
782,0.0,2.0,1.0,0.0,0.0,0.0,1.0,0.0,1.0,1.0,0.0
783,0.0,0.0,1.0,1.0,0.0,0.0,0.0,0.0,1.0,0.0,1.0
784,0.0,1.0,0.0,0.0,0.0,0.0,1.0,0.0,2.0,0.0,2.0
785,0.0,0.0,2.0,1.0,0.0,1.0,1.0,0.0,1.0,1.0,2.0
786,1.0,0.0,1.0,0.0,0.0,0.0,1.0,0.0,2.0,0.0,0.0
787,0.0,1.0,0.0,1.0,1.0,0.0,1.0,0.0,2.0,1.0,1.0
788,1.0,1.0,0.0,0.0,1.0,0.0,0.0,1.0,0.0,0.0,0.0
789,2.0,1.0,1.0,1.0,0.0,0.0,1.0,0.0,0.0,2.0,0.0
790,2.0,0.0,1.0,1.0,1.0,0.0,1.0,0.0,0.0,1.0,2.0
791,0.0,3.0,0.0,0.0,0.0,1.0,0.0,0.0,0.0,1.0,0.0
792,2.0,0.0,0.0,0.0,0.0,0.0,0.0,0.0,0.0,0.0,0.0
793,0.0,0.0,0.0,0.0,0.0,0.0,0.0,1.0,1.0,0.0,0.0
794,0.0,0.0,0.0,0.0,0.0,0.0,1.0,0.0,0.0,0.0,0.0
795,0.0,0.0,0.0,0.0,1.0,0.0,0.0,0.0,0.0,0.0,0.0
796,0.0,0.0,0.0,0.0,0.0,0.0,0.0,0.0,0.0,0.0,0.0
797,0.0,0.0,0.0,0.0,0.0,0.0,0.0,0.0,0.0,0.0,0.0
798,0.0,0.0,1.0,0.0,0.0,0.0,0.0,0.0,1.0,0.0,0.0
799,0.0,0.0,0.0,0.0,1.0,0.0,0.0,0.0,1.0,0.0,2.0
800,0.0,0.0,0.0,0.0,0.0,0.0,0.0,2.0,1.0,0.0,0.0
801,0.0,1.0,0.0,0.0,0.0,0.0,0.0,0.0,1.0,0.0,0.0
802,0.0,0.0,0.0,0.0,0.0,0.0,1.0,0.0,1.0,0.0,0.0
803,0.0,0.0,0.0,0.0,0.0,0.0,0.0,0.0,0.0,0.0,0.0
804,0.0,0.0,0.0,0.0,0.0,0.0,0.0,0.0,0.0,0.0,1.0
805,1.0,2.0,0.0,0.0,0.0,1.0,0.0,0.0,2.0,0.0,1.0
806,1.0,0.0,0.0,0.0,1.0,1.0,0.0,1.0,0.0,0.0,2.0
807,0.0,1.0,0.0,1.0,1.0,0.0,1.0,1.0,1.0,0.0,0.0
808,1.0,0.0,0.0,0.0,0.0,0.0,1.0,0.0,0.0,0.0,0.0
809,0.0,1.0,0.0,0.0,0.0,0.0,1.0,0.0,0.0,2.0,1.0
810,1.0,0.0,0.0,1.0,0.0,1.0,1.0,2.0,3.0,0.0,2.0
811,0.0,0.0,0.0,1.0,0.0,0.0,1.0,1.0,4.0,0.0,2.0
812,1.0,1.0,1.0,1.0,0.0,1.0,1.0,0.0,0.0,2.0,0.0
813,0.0,0.0,0.0,1.0,0.0,0.0,1.0,2.0,0.0,1.0,1.0
814,1.0,1.0,0.0,1.0,0.0,0.0,1.0,1.0,0.0,1.0,1.0
815,0.0,0.0,1.0,0.0,0.0,0.0,1.0,0.0,0.0,0.0,0.0
816,0.0,0.0,0.0,0.0,0.0,0.0,0.0,0.0,0.0,0.0,0.0
817,1.0,0.0,0.0,0.0,1.0,1.0,2.0,0.0,0.0,0.0,0.0
818,1.0,0.0,0.0,0.0,0.0,0.0,0.0,0.0,0.0,0.0,0.0
819,0.0,0.0,0.0,0.0,0.0,0.0,0.0,1.0,0.0,0.0,0.0
820,0.0,0.0,0.0,0.0,0.0,0.0,1.0,0.0,0.0,0.0,0.0
821,0.0,1.0,0.0,0.0,0.0,0.0,0.0,0.0,0.0,0.0,0.0
822,1.0,0.0,0.0,0.0,1.0,0.0,0.0,0.0,2.0,0.0,0.0
823,0.0,1.0,0.0,0.0,2.0,1.0,0.0,1.0,1.0,1.0,0.0
824,0.0,0.0,0.0,0.0,0.0,0.0,2.0,1.0,1.0,0.0,0.0
825,0.0,0.0,0.0,0.0,0.0,0.0,0.0,0.0,0.0,0.0,2.0
826,0.0,0.0,0.0,1.0,0.0,0.0,0.0,0.0,0.0,1.0,0.0
827,1.0,1.0,0.0,0.0,1.0,0.0,1.0,1.0,1.0,0.0,0.0
828,0.0,0.0,0.0,0.0,1.0,0.0,0.0,0.0,1.0,1.0,2.0
829,0.0,1.0,0.0,0.0,0.0,1.0,0.0,0.0,0.0,1.0,2.0
830,1.0,2.0,1.0,3.0,1.0,2.0,2.0,0.0,0.0,1.0,0.0
831,1.0,1.0,0.0,0.0,0.0,0.0,0.0,1.0,4.0,0.0,1.0
832,0.0,0.0,1.0,0.0,0.0,1.0,1.0,1.0,0.0,1.0,0.0
833,2.0,0.0,0.0,3.0,0.0,0.0,0.0,1.0,0.0,0.0,1.0
834,1.0,0.0,0.0,0.0,3.0,1.0,1.0,2.0,1.0,2.0,2.0
835,3.0,0.0,1.0,1.0,0.0,0.0,2.0,2.0,4.0,0.0,2.0
836,1.0,0.0,0.0,1.0,1.0,0.0,0.0,1.0,1.0,0.0,1.0
837,0.0,0.0,2.0,2.0,1.0,0.0,0.0,1.0,0.0,1.0,0.0
838,3.0,1.0,1.0,1.0,0.0,1.0,0.0,0.0,0.0,0.0,3.0
839,1.0,0.0,0.0,1.0,0.0,0.0,1.0,1.0,0.0,0.0,0.0
840,1.0,2.0,0.0,2.0,1.0,1.0,0.0,0.0,1.0,1.0,0.0
841,0.0,0.0,0.0,2.0,0.0,0.0,0.0,0.0,0.0,0.0,0.0
842,0.0,0.0,0.0,0.0,0.0,1.0,0.0,0.0,0.0,1.0,0.0
843,0.0,0.0,0.0,0.0,0.0,0.0,0.0,0.0,0.0,0.0,0.0
844,0.0,0.0,0.0,0.0,1.0,0.0,0.0,0.0,0.0,0.0,0.0
845,0.0,0.0,0.0,0.0,0.0,0.0,0.0,0.0,0.0,0.0,0.0
846,0.0,0.0,1.0,1.0,1.0,0.0,0.0,0.0,0.0,0.0,0.0
847,0.0,1.0,0.0,0.0,1.0,0.0,0.0,0.0,0.0,1.0,1.0
848,1.0,0.0,0.0,0.0,0.0,0.0,0.0,1.0,3.0,0.0,0.0
849,0.0,0.0,0.0,1.0,0.0,0.0,0.0,0.0,1.0,0.0,0.0
850,0.0,0.0,0.0,0.0,0.0,0.0,0.0,1.0,0.0,0.0,0.0
851,0.0,1.0,0.0,0.0,0.0,0.0,0.0,0.0,0.0,0.0,0.0
852,0.0,0.0,0.0,0.0,0.0,0.0,0.0,0.0,0.0,1.0,0.0
853,1.0,1.0,0.0,2.0,0.0,0.0,0.0,0.0,0.0,0.0,1.0
854,0.0,2.0,0.0,0.0,0.0,1.0,1.0,2.0,2.0,0.0,2.0
855,1.0,0.0,1.0,0.0,0.0,1.0,0.0,0.0,0.0,0.0,0.0
856,0.0,2.0,0.0,1.0,3.0,0.0,2.0,0.0,3.0,0.0,1.0
857,1.0,0.0,0.0,0.0,1.0,0.0,1.0,2.0,4.0,1.0,0.0
858,0.0,1.0,1.0,1.0,2.0,0.0,0.0,0.0,3.0,0.0,2.0
859,1.0,3.0,2.0,2.0,2.0,2.0,2.0,3.0,4.0,0.0,1.0
860,1.0,1.0,0.0,1.0,0.0,0.0,2.0,1.0,0.0,0.0,0.0
861,1.0,1.0,1.0,0.0,2.0,1.0,2.0,0.0,0.0,1.0,2.0
862,0.0,0.0,1.0,1.0,0.0,0.0,1.0,0.0,0.0,0.0,2.0
863,3.0,0.0,0.0,1.0,0.0,0.0,1.0,0.0,0.0,2.0,0.0
864,0.0,0.0,2.0,0.0,0.0,0.0,0.0,0.0,0.0,0.0,0.0
865,0.0,1.0,0.0,2.0,0.0,3.0,0.0,1.0,0.0,0.0,0.0
866,1.0,1.0,1.0,0.0,2.0,0.0,1.0,0.0,0.0,0.0,0.0
867,1.0,0.0,1.0,0.0,1.0,0.0,0.0,1.0,0.0,0.0,2.0
868,0.0,0.0,0.0,1.0,0.0,0.0,0.0,0.0,0.0,0.0,0.0
869,1.0,0.0,0.0,0.0,0.0,0.0,0.0,1.0,0.0,0.0,0.0
870,0.0,0.0,0.0,0.0,1.0,0.0,0.0,0.0,0.0,0.0,0.0
871,0.0,0.0,0.0,0.0,0.0,1.0,0.0,0.0,1.0,0.0,0.0
872,0.0,0.0,0.0,0.0,0.0,0.0,2.0,0.0,2.0,0.0,0.0
873,3.0,0.0,0.0,2.0,0.0,1.0,0.0,0.0,1.0,0.0,0.0
874,0.0,2.0,0.0,1.0,0.0,0.0,0.0,0.0,1.0,0.0,2.0
875,2.0,1.0,0.0,1.0,0.0,1.0,1.0,0.0,2.0,1.0,0.0
876,1.0,2.0,0.0,0.0,0.0,0.0,0.0,0.0,4.0,0.0,0.0
877,3.0,0.0,1.0,0.0,1.0,1.0,1.0,1.0,3.0,0.0,0.0
878,1.0,2.0,1.0,0.0,2.0,2.0,0.0,0.0,6.0,0.0,2.0
879,3.0,1.0,3.0,0.0,0.0,1.0,4.0,1.0,4.0,2.0,3.0
880,1.0,2.0,1.0,1.0,2.0,0.0,1.0,0.0,3.0,0.0,2.0
881,0.0,3.0,0.0,2.0,2.0,1.0,1.0,1.0,2.0,0.0,1.0
882,1.0,1.0,1.0,2.0,0.0,1.0,2.0,2.0,1.0,3.0,2.0
883,2.0,1.0,0.0,3.0,1.0,1.0,1.0,0.0,3.0,1.0,2.0
884,1.0,0.0,1.0,0.0,0.0,0.0,1.0,3.0,1.0,0.0,3.0
885,0.0,0.0,0.0,1.0,1.0,1.0,1.0,0.0,1.0,4.0,1.0
886,1.0,1.0,3.0,0.0,0.0,0.0,3.0,0.0,0.0,0.0,1.0
887,0.0,0.0,1.0,2.0,1.0,0.0,0.0,0.0,0.0,1.0,2.0
888,1.0,0.0,1.0,0.0,0.0,0.0,0.0,1.0,0.0,0.0,0.0
889,0.0,1.0,0.0,1.0,0.0,0.0,0.0,0.0,0.0,2.0,0.0
890,0.0,0.0,1.0,0.0,0.0,0.0,0.0,0.0,0.0,0.0,1.0
891,1.0,0.0,0.0,0.0,0.0,0.0,0.0,0.0,0.0,0.0,0.0
892,0.0,0.0,0.0,0.0,0.0,1.0,0.0,0.0,0.0,0.0,0.0
893,0.0,0.0,0.0,0.0,0.0,0.0,0.0,0.0,0.0,0.0,0.0
894,0.0,0.0,0.0,0.0,1.0,0.0,0.0,0.0,0.0,0.0,0.0
895,0.0,0.0,0.0,1.0,0.0,1.0,0.0,0.0,0.0,1.0,0.0
896,0.0,0.0,0.0,0.0,0.0,0.0,1.0,0.0,0.0,0.0,0.0
897,0.0,0.0,0.0,1.0,0.0,0.0,0.0,0.0,3.0,0.0,0.0
898,2.0,0.0,0.0,1.0,0.0,1.0,2.0,0.0,1.0,0.0,0.0
899,2.0,3.0,0.0,2.0,0.0,0.0,0.0,0.0,0.0,0.0,2.0
900,4.0,0.0,0.0,0.0,1.0,1.0,1.0,0.0,0.0,0.0,0.0
901,1.0,1.0,2.0,1.0,0.0,0.0,1.0,2.0,3.0,0.0,1.0
902,1.0,1.0,0.0,0.0,0.0,0.0,2.0,0.0,3.0,0.0,2.0
903,0.0,1.0,2.0,1.0,1.0,0.0,2.0,0.0,1.0,0.0,2.0
904,3.0,0.0,1.0,0.0,0.0,0.0,2.0,1.0,2.0,2.0,2.0
905,1.0,2.0,0.0,1.0,0.0,0.0,0.0,0.0,4.0,0.0,1.0
906,3.0,2.0,3.0,3.0,0.0,1.0,1.0,1.0,5.0,1.0,1.0
907,1.0,1.0,1.0,0.0,0.0,0.0,0.0,0.0,0.0,1.0,2.0
908,0.0,2.0,3.0,0.0,2.0,0.0,4.0,0.0,1.0,1.0,0.0
909,1.0,2.0,1.0,2.0,1.0,1.0,3.0,1.0,0.0,0.0,1.0
910,0.0,0.0,0.0,0.0,1.0,1.0,1.0,1.0,0.0,1.0,1.0
911,2.0,0.0,0.0,1.0,0.0,0.0,1.0,0.0,0.0,1.0,1.0
912,1.0,0.0,0.0,0.0,0.0,0.0,1.0,1.0,1.0,0.0,0.0
913,1.0,0.0,1.0,0.0,0.0,0.0,0.0,0.0,0.0,0.0,1.0
914,0.0,0.0,0.0,0.0,0.0,0.0,0.0,1.0,0.0,0.0,0.0
915,0.0,0.0,0.0,0.0,0.0,0.0,0.0,0.0,0.0,0.0,0.0
916,0.0,0.0,0.0,0.0,0.0,0.0,0.0,0.0,0.0,0.0,0.0
917,0.0,0.0,0.0,1.0,0.0,0.0,0.0,0.0,0.0,0.0,0.0
918,0.0,1.0,2.0,0.0,0.0,0.0,0.0,0.0,0.0,0.0,0.0
919,0.0,2.0,0.0,0.0,1.0,0.0,0.0,1.0,0.0,0.0,0.0
920,0.0,0.0,0.0,0.0,1.0,0.0,0.0,1.0,2.0,1.0,2.0
921,0.0,1.0,0.0,0.0,0.0,0.0,0.0,0.0,0.0,0.0,0.0
922,0.0,0.0,0.0,1.0,0.0,0.0,0.0,1.0,0.0,0.0,0.0
923,0.0,0.0,1.0,0.0,1.0,0.0,0.0,0.0,1.0,0.0,0.0
924,0.0,1.0,1.0,0.0,0.0,0.0,0.0,1.0,0.0,1.0,0.0
925,0.0,1.0,2.0,0.0,0.0,0.0,0.0,0.0,0.0,0.0,2.0
926,0.0,0.0,0.0,0.0,0.0,2.0,0.0,0.0,1.0,0.0,2.0
927,0.0,2.0,0.0,0.0,0.0,0.0,0.0,0.0,1.0,0.0,0.0
928,1.0,0.0,0.0,0.0,1.0,0.0,0.0,0.0,1.0,0.0,0.0
929,0.0,1.0,0.0,0.0,0.0,0.0,1.0,3.0,2.0,0.0,0.0
930,0.0,1.0,1.0,1.0,0.0,0.0,1.0,2.0,1.0,0.0,2.0
931,1.0,0.0,1.0,1.0,0.0,2.0,0.0,0.0,0.0,0.0,1.0
932,0.0,1.0,2.0,0.0,0.0,1.0,0.0,1.0,0.0,1.0,0.0
933,0.0,0.0,0.0,1.0,0.0,0.0,0.0,0.0,0.0,1.0,0.0
934,0.0,1.0,0.0,3.0,1.0,0.0,1.0,0.0,0.0,2.0,1.0
935,0.0,0.0,0.0,1.0,0.0,0.0,1.0,1.0,0.0,0.0,0.0
936,0.0,0.0,0.0,1.0,1.0,0.0,0.0,0.0,0.0,0.0,0.0
937,0.0,0.0,0.0,0.0,0.0,0.0,0.0,0.0,0.0,0.0,0.0
938,0.0,1.0,0.0,0.0,0.0,0.0,0.0,1.0,0.0,0.0,0.0
939,0.0,0.0,0.0,0.0,1.0,0.0,0.0,0.0,0.0,0.0,0.0
940,0.0,0.0,0.0,0.0,1.0,0.0,0.0,0.0,0.0,0.0,0.0
941,0.0,1.0,0.0,0.0,0.0,0.0,0.0,0.0,1.0,0.0,0.0
942,1.0,0.0,0.0,0.0,0.0,0.0,0.0,0.0,1.0,0.0,0.0
943,0.0,1.0,0.0,0.0,1.0,0.0,0.0,0.0,1.0,1.0,0.0
944,0.0,0.0,0.0,0.0,0.0,0.0,0.0,1.0,0.0,0.0,0.0
945,1.0,1.0,1.0,1.0,0.0,0.0,1.0,1.0,1.0,0.0,0.0
946,0.0,0.0,0.0,1.0,0.0,1.0,1.0,0.0,0.0,0.0,0.0
947,1.0,0.0,0.0,0.0,0.0,0.0,1.0,1.0,2.0,0.0,0.0
948,1.0,0.0,0.0,0.0,0.0,0.0,0.0,0.0,0.0,1.0,0.0
949,1.0,0.0,2.0,0.0,0.0,2.0,0.0,0.0,1.0,0.0,0.0
950,0.0,0.0,0.0,0.0,0.0,0.0,1.0,0.0,0.0,1.0,0.0
951,0.0,1.0,0.0,1.0,0.0,0.0,0.0,0.0,3.0,0.0,0.0
952,1.0,1.0,0.0,1.0,0.0,0.0,0.0,0.0,3.0,0.0,1.0
953,0.0,0.0,0.0,0.0,0.0,0.0,0.0,2.0,1.0,1.0,0.0
954,0.0,0.0,0.0,2.0,2.0,0.0,1.0,2.0,0.0,0.0,2.0
955,0.0,2.0,2.0,1.0,1.0,1.0,0.0,1.0,1.0,0.0,1.0
956,1.0,2.0,2.0,1.0,0.0,1.0,1.0,0.0,0.0,0.0,2.0
957,2.0,2.0,0.0,1.0,0.0,3.0,1.0,1.0,0.0,0.0,0.0
958,1.0,0.0,0.0,1.0,0.0,0.0,2.0,0.0,0.0,0.0,1.0
959,0.0,0.0,0.0,0.0,0.0,1.0,0.0,0.0,0.0,0.0,0.0
960,0.0,0.0,0.0,0.0,0.0,0.0,0.0,1.0,0.0,0.0,0.0
961,1.0,0.0,0.0,1.0,1.0,0.0,0.0,0.0,0.0,1.0,0.0
962,0.0,0.0,0.0,1.0,0.0,0.0,0.0,0.0,0.0,0.0,1.0
963,0.0,0.0,0.0,0.0,0.0,0.0,0.0,0.0,0.0,0.0,0.0
964,0.0,0.0,0.0,0.0,0.0,0.0,0.0,0.0,0.0,0.0,0.0
965,0.0,1.0,0.0,0.0,0.0,0.0,0.0,0.0,0.0,0.0,0.0
966,0.0,1.0,1.0,0.0,1.0,0.0,0.0,0.0,0.0,0.0,0.0
967,0.0,0.0,0.0,1.0,0.0,0.0,0.0,0.0,0.0,1.0,0.0
968,0.0,0.0,1.0,0.0,0.0,0.0,1.0,0.0,0.0,1.0,2.0
969,0.0,0.0,0.0,0.0,0.0,0.0,0.0,0.0,1.0,0.0,0.0
970,0.0,0.0,0.0,0.0,0.0,0.0,0.0,0.0,1.0,0.0,0.0
971,0.0,1.0,1.0,0.0,0.0,1.0,0.0,0.0,0.0,0.0,0.0
972,0.0,1.0,0.0,0.0,0.0,0.0,0.0,1.0,2.0,0.0,0.0
973,0.0,1.0,0.0,0.0,0.0,0.0,2.0,0.0,2.0,0.0,0.0
974,1.0,1.0,0.0,0.0,0.0,0.0,1.0,0.0,1.0,1.0,1.0
975,0.0,0.0,0.0,0.0,1.0,0.0,0.0,2.0,1.0,0.0,0.0
976,0.0,0.0,1.0,2.0,0.0,0.0,1.0,0.0,3.0,0.0,2.0
977,0.0,0.0,0.0,0.0,0.0,0.0,0.0,1.0,1.0,0.0,1.0
978,0.0,1.0,0.0,2.0,0.0,0.0,1.0,0.0,3.0,0.0,1.0
979,0.0,2.0,1.0,2.0,1.0,0.0,0.0,3.0,3.0,1.0,2.0
980,2.0,0.0,1.0,2.0,1.0,0.0,0.0,1.0,1.0,0.0,0.0
981,0.0,3.0,2.0,0.0,0.0,1.0,2.0,1.0,2.0,0.0,0.0
982,0.0,1.0,0.0,2.0,1.0,1.0,0.0,0.0,0.0,3.0,5.0
983,2.0,0.0,0.0,1.0,0.0,1.0,0.0,0.0,1.0,1.0,1.0
984,0.0,1.0,1.0,1.0,0.0,0.0,1.0,1.0,0.0,1.0,0.0
985,0.0,0.0,2.0,0.0,0.0,0.0,2.0,0.0,0.0,0.0,0.0
986,1.0,0.0,0.0,1.0,0.0,1.0,0.0,1.0,0.0,1.0,0.0
987,0.0,0.0,0.0,0.0,0.0,0.0,0.0,0.0,0.0,0.0,0.0
988,0.0,1.0,0.0,0.0,0.0,0.0,0.0,0.0,0.0,0.0,0.0
989,0.0,0.0,0.0,0.0,0.0,0.0,0.0,0.0,0.0,0.0,0.0
990,0.0,1.0,0.0,0.0,0.0,0.0,1.0,0.0,2.0,0.0,0.0
991,0.0,0.0,0.0,0.0,0.0,0.0,0.0,0.0,1.0,0.0,0.0
992,0.0,1.0,2.0,0.0,0.0,1.0,1.0,0.0,0.0,0.0,0.0
993,2.0,0.0,1.0,0.0,2.0,0.0,1.0,0.0,1.0,0.0,0.0
994,0.0,1.0,0.0,3.0,1.0,0.0,0.0,0.0,0.0,0.0,1.0
995,0.0,4.0,0.0,0.0,1.0,1.0,0.0,3.0,0.0,2.0,0.0
996,1.0,0.0,0.0,1.0,1.0,1.0,0.0,1.0,1.0,0.0,2.0
997,1.0,0.0,0.0,2.0,0.0,0.0,1.0,0.0,1.0,0.0,2.0
998,0.0,2.0,0.0,1.0,1.0,0.0,2.0,2.0,2.0,1.0,1.0
999,0.0,0.0,0.0,0.0,1.0,1.0,2.0,1.0,3.0,0.0,2.0
1000,1.0,1.0,0.0,1.0,0.0,0.0,1.0,1.0,1.0,0.0,0.0
1001,1.0,1.0,1.0,0.0,0.0,1.0,0.0,2.0,2.0,0.0,4.0
1002,2.0,0.0,1.0,0.0,1.0,1.0,1.0,0.0,3.0,0.0,2.0
1003,1.0,1.0,2.0,1.0,5.0,1.0,0.0,1.0,1.0,1.0,2.0
1004,1.0,3.0,1.0,1.0,1.0,0.0,2.0,1.0,0.0,1.0,2.0
1005,1.0,0.0,1.0,1.0,2.0,0.0,1.0,0.0,1.0,2.0,0.0
1006,0.0,0.0,0.0,0.0,0.0,1.0,1.0,0.0,0.0,2.0,3.0
1007,2.0,2.0,1.0,3.0,0.0,0.0,2.0,0.0,0.0,0.0,0.0
1008,1.0,1.0,1.0,1.0,1.0,0.0,1.0,0.0,0.0,0.0,2.0
1009,0.0,0.0,0.0,0.0,0.0,0.0,0.0,0.0,0.0,1.0,0.0
1010,0.0,0.0,0.0,0.0,0.0,0.0,0.0,0.0,0.0,0.0,0.0
1011,0.0,0.0,1.0,1.0,1.0,0.0,0.0,0.0,0.0,0.0,0.0
1012,0.0,0.0,0.0,0.0,0.0,0.0,0.0,0.0,0.0,0.0,0.0
1013,1.0,0.0,0.0,0.0,0.0,0.0,0.0,0.0,0.0,0.0,0.0
1014,0.0,0.0,0.0,0.0,0.0,0.0,0.0,0.0,2.0,0.0,0.0
1015,0.0,0.0,0.0,0.0,0.0,0.0,0.0,0.0,1.0,0.0,0.0
1016,0.0,0.0,0.0,1.0,0.0,0.0,1.0,1.0,0.0,0.0,0.0
1017,0.0,0.0,0.0,0.0,1.0,0.0,2.0,0.0,0.0,0.0,0.0
1018,0.0,0.0,0.0,0.0,0.0,1.0,0.0,0.0,1.0,0.0,0.0
1019,1.0,0.0,0.0,1.0,1.0,0.0,0.0,0.0,2.0,1.0,0.0
1020,1.0,0.0,0.0,0.0,0.0,1.0,0.0,1.0,0.0,0.0,0.0
1021,0.0,2.0,0.0,0.0,1.0,0.0,0.0,1.0,1.0,0.0,1.0
1022,0.0,0.0,0.0,0.0,0.0,0.0,0.0,0.0,1.0,0.0,0.0
1023,0.0,0.0,0.0,0.0,1.0,1.0,1.0,2.0,1.0,0.0,1.0
1024,2.0,0.0,2.0,0.0,2.0,0.0,0.0,0.0,3.0,0.0,1.0
1025,0.0,0.0,0.0,0.0,0.0,0.0,0.0,2.0,2.0,0.0,2.0
1026,2.0,0.0,1.0,1.0,2.0,0.0,3.0,1.0,4.0,0.0,1.0
1027,2.0,2.0,0.0,5.0,0.0,1.0,2.0,0.0,4.0,0.0,3.0
1028,2.0,2.0,2.0,0.0,0.0,0.0,0.0,0.0,0.0,0.0,1.0
1029,1.0,0.0,2.0,2.0,1.0,2.0,2.0,0.0,0.0,1.0,2.0
1030,1.0,0.0,0.0,1.0,1.0,0.0,3.0,1.0,0.0,0.0,1.0
1031,2.0,1.0,0.0,2.0,1.0,0.0,0.0,1.0,0.0,1.0,0.0
1032,0.0,1.0,0.0,2.0,0.0,2.0,0.0,0.0,0.0,1.0,0.0
1033,0.0,0.0,0.0,0.0,0.0,0.0,0.0,0.0,0.0,1.0,0.0
1034,0.0,0.0,0.0,0.0,0.0,0.0,0.0,1.0,0.0,0.0,0.0
1035,0.0,1.0,1.0,0.0,0.0,0.0,0.0,0.0,0.0,1.0,0.0
1036,2.0,0.0,0.0,0.0,0.0,0.0,0.0,0.0,0.0,0.0,0.0
1037,0.0,0.0,0.0,1.0,1.0,0.0,0.0,0.0,0.0,0.0,0.0
1038,0.0,0.0,1.0,0.0,1.0,1.0,1.0,0.0,1.0,0.0,0.0
1039,0.0,0.0,0.0,0.0,0.0,1.0,0.0,0.0,0.0,0.0,0.0
1040,0.0,1.0,0.0,0.0,1.0,0.0,0.0,0.0,0.0,1.0,2.0
1041,1.0,0.0,0.0,0.0,0.0,0.0,0.0,0.0,3.0,0.0,0.0
1042,0.0,1.0,1.0,1.0,1.0,1.0,0.0,1.0,0.0,0.0,1.0
1043,0.0,2.0,0.0,0.0,1.0,0.0,2.0,0.0,2.0,0.0,2.0
1044,1.0,0.0,1.0,0.0,0.0,0.0,1.0,0.0,0.0,0.0,2.0
1045,1.0,2.0,0.0,1.0,1.0,0.0,0.0,2.0,3.0,1.0,2.0
1046,0.0,0.0,1.0,0.0,0.0,0.0,0.0,3.0,1.0,0.0,3.0
1047,1.0,1.0,0.0,0.0,0.0,2.0,2.0,3.0,5.0,1.0,2.0
1048,0.0,1.0,0.0,0.0,1.0,2.0,1.0,1.0,2.0,0.0,0.0
1049,0.0,2.0,0.0,2.0,1.0,1.0,0.0,0.0,4.0,0.0,1.0
1050,1.0,2.0,2.0,1.0,0.0,0.0,1.0,1.0,5.0,1.0,3.0
1051,2.0,0.0,0.0,0.0,2.0,0.0,1.0,2.0,2.0,1.0,1.0
1052,0.0,2.0,0.0,0.0,0.0,2.0,2.0,1.0,1.0,1.0,1.0
1053,1.0,1.0,1.0,1.0,0.0,1.0,1.0,1.0,0.0,1.0,4.0
1054,3.0,2.0,1.0,1.0,0.0,0.0,1.0,2.0,0.0,2.0,1.0
1055,2.0,0.0,2.0,2.0,0.0,1.0,0.0,0.0,0.0,0.0,1.0
1056,1.0,1.0,1.0,2.0,0.0,0.0,0.0,1.0,0.0,0.0,0.0
1057,1.0,0.0,0.0,3.0,1.0,1.0,0.0,1.0,0.0,1.0,1.0
1058,1.0,0.0,0.0,1.0,1.0,0.0,0.0,0.0,0.0,1.0,1.0
1059,1.0,0.0,0.0,0.0,0.0,0.0,0.0,0.0,0.0,0.0,0.0
1060,1.0,0.0,0.0,0.0,0.0,0.0,1.0,0.0,0.0,1.0,0.0
1061,0.0,0.0,0.0,0.0,0.0,0.0,0.0,0.0,0.0,0.0,0.0
1062,0.0,0.0,0.0,1.0,1.0,0.0,0.0,0.0,0.0,0.0,0.0
1063,0.0,0.0,0.0,0.0,0.0,0.0,2.0,0.0,1.0,0.0,0.0
1064,1.0,0.0,1.0,0.0,0.0,0.0,1.0,0.0,3.0,0.0,1.0
1065,2.0,0.0,0.0,0.0,0.0,0.0,0.0,1.0,0.0,0.0,1.0
1066,0.0,0.0,0.0,1.0,0.0,1.0,0.0,0.0,0.0,0.0,0.0
1067,2.0,1.0,1.0,0.0,1.0,0.0,1.0,0.0,3.0,0.0,1.0
1068,2.0,0.0,0.0,0.0,0.0,0.0,1.0,2.0,2.0,0.0,2.0
1069,0.0,0.0,1.0,0.0,0.0,1.0,0.0,1.0,2.0,0.0,1.0
1070,0.0,0.0,2.0,1.0,2.0,0.0,0.0,0.0,4.0,0.0,1.0
1071,1.0,0.0,0.0,0.0,0.0,0.0,1.0,1.0,2.0,1.0,0.0
1072,0.0,2.0,1.0,1.0,0.0,0.0,1.0,0.0,2.0,1.0,2.0
1073,1.0,0.0,0.0,1.0,2.0,0.0,1.0,0.0,4.0,1.0,0.0
1074,2.0,0.0,1.0,2.0,0.0,2.0,0.0,1.0,6.0,0.0,0.0
1075,2.0,1.0,0.0,2.0,1.0,0.0,1.0,3.0,1.0,0.0,1.0
1076,2.0,1.0,1.0,1.0,0.0,0.0,0.0,0.0,2.0,1.0,2.0
1077,0.0,1.0,2.0,2.0,1.0,0.0,2.0,0.0,0.0,1.0,1.0
1078,1.0,1.0,1.0,1.0,2.0,1.0,1.0,1.0,0.0,0.0,0.0
1079,0.0,0.0,1.0,2.0,1.0,0.0,1.0,0.0,0.0,1.0,1.0
1080,0.0,0.0,0.0,1.0,0.0,2.0,0.0,1.0,0.0,0.0,0.0
1081,0.0,0.0,1.0,0.0,1.0,0.0,0.0,0.0,0.0,1.0,0.0
1082,0.0,0.0,0.0,0.0,0.0,0.0,0.0,0.0,0.0,0.0,0.0
1083,0.0,0.0,0.0,0.0,0.0,0.0,0.0,0.0,0.0,0.0,0.0
1084,0.0,0.0,0.0,0.0,0.0,0.0,0.0,0.0,0.0,0.0,0.0
1085,0.0,0.0,0.0,0.0,1.0,0.0,0.0,0.0,0.0,0.0,0.0
1086,0.0,1.0,0.0,0.0,0.0,0.0,0.0,0.0,0.0,0.0,0.0
1087,0.0,0.0,0.0,0.0,2.0,0.0,0.0,0.0,0.0,0.0,1.0
1088,0.0,0.0,0.0,0.0,0.0,0.0,0.0,1.0,1.0,0.0,2.0
1089,0.0,0.0,0.0,1.0,0.0,0.0,0.0,0.0,2.0,0.0,1.0
1090,0.0,1.0,0.0,1.0,0.0,0.0,0.0,0.0,0.0,0.0,0.0
1091,0.0,0.0,1.0,1.0,0.0,0.0,0.0,0.0,2.0,0.0,2.0
1092,0.0,0.0,0.0,0.0,0.0,2.0,1.0,0.0,1.0,0.0,1.0
1093,1.0,1.0,0.0,0.0,0.0,0.0,0.0,0.0,2.0,0.0,0.0
1094,0.0,1.0,0.0,1.0,0.0,0.0,0.0,0.0,1.0,0.0,1.0
1095,0.0,1.0,0.0,0.0,0.0,0.0,0.0,1.0,0.0,0.0,0.0
1096,0.0,1.0,0.0,0.0,0.0,0.0,1.0,0.0,1.0,0.0,1.0
1097,0.0,1.0,0.0,0.0,0.0,0.0,1.0,0.0,2.0,0.0,0.0
1098,0.0,0.0,1.0,0.0,0.0,0.0,2.0,1.0,3.0,0.0,2.0
1099,1.0,4.0,1.0,3.0,0.0,0.0,0.0,2.0,3.0,1.0,1.0
1100,2.0,1.0,0.0,2.0,1.0,1.0,2.0,2.0,2.0,0.0,0.0
1101,0.0,0.0,1.0,1.0,0.0,1.0,0.0,0.0,0.0,1.0,1.0
1102,2.0,1.0,0.0,2.0,0.0,0.0,1.0,2.0,0.0,2.0,0.0
1103,0.0,1.0,1.0,1.0,0.0,0.0,0.0,0.0,0.0,0.0,0.0
1104,0.0,0.0,0.0,0.0,1.0,0.0,1.0,1.0,0.0,0.0,0.0
1105,0.0,0.0,0.0,0.0,0.0,1.0,1.0,0.0,0.0,1.0,0.0
1106,1.0,0.0,0.0,1.0,1.0,0.0,0.0,0.0,0.0,0.0,0.0
1107,0.0,0.0,0.0,0.0,1.0,1.0,0.0,0.0,0.0,0.0,0.0
1108,0.0,0.0,0.0,0.0,0.0,0.0,0.0,0.0,0.0,0.0,0.0
1109,0.0,0.0,0.0,0.0,0.0,0.0,0.0,0.0,0.0,0.0,1.0
1110,1.0,0.0,0.0,0.0,0.0,0.0,0.0,0.0,0.0,0.0,0.0
1111,0.0,2.0,0.0,0.0,2.0,0.0,1.0,0.0,1.0,1.0,0.0
1112,0.0,0.0,0.0,1.0,0.0,0.0,1.0,1.0,1.0,0.0,1.0
1113,0.0,0.0,0.0,0.0,0.0,0.0,0.0,0.0,1.0,0.0,0.0
1114,0.0,1.0,0.0,2.0,0.0,0.0,0.0,0.0,1.0,0.0,0.0
1115,0.0,1.0,0.0,1.0,1.0,0.0,0.0,0.0,0.0,0.0,0.0
1116,1.0,1.0,1.0,0.0,0.0,1.0,0.0,0.0,0.0,0.0,1.0
1117,0.0,0.0,0.0,0.0,0.0,0.0,0.0,1.0,1.0,0.0,0.0
1118,0.0,3.0,1.0,1.0,0.0,0.0,1.0,0.0,1.0,0.0,0.0
1119,0.0,0.0,0.0,2.0,0.0,0.0,0.0,0.0,0.0,0.0,1.0
1120,0.0,0.0,0.0,0.0,0.0,0.0,1.0,0.0,0.0,0.0,2.0
1121,1.0,0.0,0.0,2.0,0.0,0.0,0.0,1.0,0.0,0.0,1.0
1122,1.0,0.0,0.0,1.0,0.0,0.0,0.0,1.0,1.0,0.0,1.0
1123,0.0,0.0,2.0,0.0,0.0,1.0,2.0,1.0,1.0,1.0,1.0
1124,0.0,0.0,0.0,1.0,1.0,0.0,0.0,0.0,1.0,1.0,1.0
1125,1.0,0.0,1.0,2.0,0.0,0.0,1.0,0.0,0.0,0.0,1.0
1126,0.0,0.0,0.0,0.0,1.0,0.0,1.0,1.0,0.0,1.0,1.0
1127,1.0,0.0,0.0,1.0,1.0,0.0,2.0,1.0,0.0,0.0,0.0
1128,2.0,0.0,1.0,0.0,0.0,0.0,0.0,0.0,0.0,0.0,0.0
1129,0.0,0.0,0.0,1.0,0.0,0.0,0.0,0.0,0.0,0.0,0.0
1130,0.0,0.0,0.0,0.0,0.0,0.0,1.0,0.0,0.0,0.0,0.0
1131,0.0,0.0,0.0,0.0,0.0,0.0,0.0,0.0,0.0,0.0,0.0
1132,0.0,0.0,0.0,0.0,0.0,0.0,0.0,0.0,0.0,0.0,0.0
1133,0.0,0.0,0.0,0.0,0.0,0.0,0.0,0.0,0.0,0.0,0.0
1134,0.0,0.0,0.0,0.0,0.0,0.0,0.0,0.0,0.0,0.0,1.0
1135,0.0,1.0,0.0,1.0,0.0,0.0,0.0,0.0,0.0,2.0,1.0
1136,1.0,0.0,1.0,0.0,1.0,0.0,0.0,1.0,1.0,0.0,1.0
1137,0.0,0.0,0.0,0.0,0.0,0.0,0.0,0.0,0.0,0.0,1.0
1138,0.0,0.0,0.0,0.0,0.0,0.0,1.0,0.0,0.0,0.0,0.0
1139,0.0,0.0,1.0,0.0,0.0,0.0,1.0,0.0,2.0,0.0,0.0
1140,0.0,0.0,0.0,1.0,0.0,0.0,0.0,0.0,2.0,0.0,0.0
1141,0.0,0.0,0.0,0.0,1.0,0.0,2.0,0.0,1.0,0.0,0.0
1142,0.0,0.0,0.0,0.0,0.0,0.0,1.0,0.0,1.0,0.0,1.0
1143,0.0,0.0,1.0,0.0,0.0,0.0,0.0,0.0,1.0,0.0,2.0
1144,1.0,0.0,0.0,0.0,0.0,0.0,0.0,0.0,0.0,0.0,1.0
1145,2.0,0.0,1.0,0.0,0.0,0.0,0.0,0.0,3.0,0.0,0.0
1146,1.0,2.0,1.0,2.0,0.0,0.0,0.0,1.0,1.0,1.0,0.0
1147,0.0,0.0,0.0,0.0,0.0,0.0,1.0,0.0,5.0,1.0,1.0
1148,2.0,1.0,1.0,0.0,2.0,1.0,2.0,2.0,0.0,1.0,1.0
1149,2.0,0.0,1.0,2.0,0.0,0.0,2.0,2.0,0.0,0.0,0.0
1150,0.0,0.0,0.0,0.0,1.0,0.0,0.0,0.0,0.0,0.0,2.0
1151,2.0,0.0,1.0,1.0,0.0,0.0,1.0,0.0,0.0,1.0,0.0
1152,1.0,0.0,0.0,0.0,0.0,1.0,0.0,0.0,0.0,1.0,0.0
1153,0.0,0.0,0.0,0.0,0.0,0.0,0.0,0.0,0.0,0.0,0.0
1154,0.0,0.0,0.0,0.0,0.0,0.0,0.0,0.0,0.0,0.0,0.0
1155,0.0,0.0,0.0,0.0,0.0,0.0,0.0,0.0,0.0,0.0,0.0
1156,0.0,0.0,0.0,0.0,0.0,0.0,0.0,0.0,0.0,0.0,0.0
1157,0.0,1.0,0.0,0.0,0.0,0.0,0.0,1.0,0.0,0.0,0.0
1158,1.0,0.0,0.0,0.0,0.0,0.0,0.0,0.0,0.0,1.0,0.0
1159,0.0,1.0,0.0,1.0,1.0,0.0,0.0,0.0,1.0,1.0,1.0
1160,0.0,0.0,0.0,0.0,0.0,0.0,0.0,1.0,1.0,1.0,0.0
1161,0.0,0.0,0.0,1.0,0.0,0.0,1.0,0.0,1.0,0.0,1.0
1162,0.0,0.0,0.0,0.0,1.0,0.0,1.0,0.0,1.0,0.0,0.0
1163,0.0,0.0,0.0,0.0,0.0,0.0,0.0,0.0,0.0,0.0,0.0
1164,0.0,1.0,0.0,0.0,1.0,1.0,0.0,0.0,1.0,0.0,0.0
1165,0.0,0.0,1.0,0.0,0.0,1.0,0.0,0.0,2.0,0.0,1.0
1166,0.0,0.0,0.0,0.0,1.0,0.0,1.0,1.0,0.0,0.0,0.0
1167,0.0,2.0,0.0,1.0,1.0,0.0,2.0,0.0,0.0,0.0,1.0
1168,1.0,1.0,0.0,0.0,0.0,0.0,0.0,0.0,0.0,0.0,1.0
1169,1.0,0.0,0.0,0.0,3.0,0.0,0.0,1.0,2.0,1.0,2.0
1170,1.0,1.0,0.0,1.0,0.0,0.0,2.0,0.0,2.0,0.0,1.0
1171,2.0,1.0,0.0,2.0,1.0,0.0,1.0,1.0,3.0,1.0,2.0
1172,0.0,0.0,0.0,0.0,1.0,1.0,0.0,1.0,1.0,0.0,0.0
1173,0.0,0.0,0.0,2.0,0.0,1.0,1.0,2.0,0.0,0.0,0.0
1174,0.0,0.0,1.0,0.0,2.0,0.0,1.0,0.0,0.0,0.0,0.0
1175,1.0,0.0,1.0,0.0,1.0,1.0,2.0,1.0,0.0,0.0,0.0
1176,1.0,1.0,0.0,0.0,0.0,0.0,0.0,0.0,0.0,0.0,1.0
1177,0.0,0.0,0.0,1.0,0.0,0.0,0.0,0.0,0.0,0.0,0.0
1178,0.0,0.0,0.0,0.0,1.0,0.0,0.0,0.0,0.0,0.0,0.0
1179,0.0,0.0,0.0,0.0,0.0,0.0,0.0,0.0,0.0,0.0,0.0
1180,0.0,0.0,0.0,0.0,0.0,0.0,0.0,0.0,0.0,0.0,0.0
1181,0.0,2.0,0.0,0.0,0.0,0.0,0.0,0.0,0.0,0.0,0.0
1182,0.0,0.0,0.0,0.0,0.0,0.0,1.0,0.0,0.0,0.0,0.0
1183,0.0,1.0,0.0,0.0,2.0,0.0,0.0,0.0,0.0,0.0,1.0
1184,0.0,0.0,0.0,0.0,0.0,0.0,0.0,1.0,0.0,0.0,1.0
1185,0.0,0.0,0.0,1.0,0.0,1.0,0.0,0.0,0.0,0.0,0.0
1186,0.0,0.0,0.0,0.0,0.0,0.0,1.0,0.0,3.0,0.0,0.0
1187,0.0,1.0,1.0,0.0,0.0,0.0,0.0,0.0,1.0,1.0,0.0
1188,0.0,0.0,0.0,1.0,0.0,0.0,0.0,0.0,1.0,0.0,0.0
1189,0.0,1.0,0.0,0.0,0.0,0.0,0.0,0.0,0.0,0.0,3.0
1190,0.0,1.0,0.0,2.0,1.0,1.0,2.0,0.0,1.0,0.0,1.0
1191,0.0,0.0,0.0,0.0,0.0,0.0,0.0,0.0,1.0,0.0,0.0
1192,1.0,0.0,0.0,0.0,0.0,0.0,0.0,0.0,1.0,1.0,0.0
1193,1.0,0.0,1.0,1.0,0.0,0.0,2.0,0.0,2.0,0.0,0.0
1194,0.0,1.0,0.0,1.0,0.0,0.0,0.0,0.0,2.0,1.0,1.0
1195,4.0,1.0,0.0,1.0,0.0,3.0,1.0,1.0,3.0,0.0,3.0
1196,3.0,0.0,0.0,0.0,0.0,0.0,2.0,0.0,2.0,2.0,1.0
1197,3.0,1.0,1.0,2.0,0.0,3.0,0.0,1.0,0.0,0.0,2.0
1198,1.0,0.0,1.0,1.0,1.0,0.0,2.0,2.0,0.0,3.0,0.0
1199,1.0,1.0,0.0,1.0,0.0,1.0,1.0,1.0,0.0,0.0,1.0
1200,0.0,0.0,0.0,1.0,2.0,1.0,0.0,0.0,0.0,0.0,0.0
1201,0.0,0.0,0.0,0.0,2.0,0.0,0.0,0.0,0.0,0.0,0.0
1202,0.0,0.0,0.0,1.0,1.0,0.0,0.0,0.0,0.0,1.0,1.0
1203,0.0,0.0,0.0,0.0,0.0,0.0,0.0,0.0,0.0,1.0,0.0
1204,0.0,0.0,0.0,0.0,0.0,0.0,1.0,0.0,0.0,0.0,0.0
1205,0.0,1.0,0.0,0.0,0.0,0.0,0.0,0.0,0.0,0.0,0.0
1206,0.0,0.0,0.0,0.0,1.0,0.0,0.0,0.0,1.0,0.0,0.0
1207,0.0,0.0,0.0,0.0,0.0,0.0,0.0,0.0,0.0,0.0,0.0
1208,0.0,0.0,0.0,0.0,0.0,0.0,0.0,0.0,1.0,0.0,0.0
1209,1.0,0.0,0.0,1.0,0.0,0.0,1.0,0.0,1.0,0.0,0.0
1210,0.0,0.0,0.0,1.0,1.0,0.0,0.0,0.0,1.0,0.0,2.0
1211,3.0,2.0,0.0,2.0,1.0,0.0,0.0,0.0,0.0,0.0,3.0
1212,1.0,0.0,0.0,0.0,0.0,0.0,0.0,1.0,1.0,0.0,2.0
1213,0.0,2.0,0.0,0.0,0.0,0.0,2.0,0.0,4.0,0.0,1.0
1214,1.0,1.0,2.0,2.0,0.0,1.0,0.0,1.0,2.0,1.0,1.0
1215,1.0,0.0,1.0,0.0,1.0,1.0,2.0,0.0,4.0,1.0,0.0
1216,1.0,0.0,1.0,0.0,1.0,0.0,0.0,0.0,3.0,2.0,3.0
1217,0.0,4.0,0.0,1.0,0.0,0.0,4.0,1.0,5.0,0.0,1.0
1218,0.0,1.0,1.0,1.0,0.0,0.0,2.0,1.0,2.0,2.0,1.0
1219,3.0,1.0,0.0,1.0,1.0,0.0,1.0,0.0,4.0,2.0,1.0
1220,1.0,1.0,1.0,3.0,0.0,0.0,2.0,2.0,2.0,0.0,3.0
1221,0.0,0.0,2.0,3.0,0.0,1.0,1.0,0.0,0.0,0.0,0.0
1222,1.0,2.0,0.0,2.0,0.0,0.0,0.0,3.0,0.0,2.0,0.0
1223,1.0,0.0,0.0,1.0,1.0,1.0,2.0,0.0,0.0,2.0,2.0
1224,1.0,2.0,0.0,1.0,0.0,0.0,1.0,1.0,0.0,0.0,1.0
1225,2.0,0.0,0.0,0.0,0.0,4.0,0.0,0.0,0.0,0.0,0.0
1226,0.0,1.0,0.0,0.0,0.0,0.0,0.0,0.0,0.0,0.0,0.0
1227,0.0,0.0,0.0,0.0,0.0,0.0,0.0,1.0,0.0,0.0,1.0
1228,0.0,0.0,0.0,0.0,0.0,0.0,0.0,0.0,0.0,0.0,0.0
1229,0.0,0.0,0.0,0.0,0.0,0.0,0.0,0.0,0.0,0.0,0.0
1230,0.0,0.0,0.0,0.0,1.0,1.0,0.0,1.0,0.0,0.0,0.0
1231,1.0,0.0,0.0,0.0,1.0,0.0,0.0,0.0,0.0,0.0,1.0
1232,0.0,0.0,0.0,0.0,0.0,0.0,0.0,0.0,2.0,0.0,0.0
1233,2.0,1.0,0.0,0.0,0.0,1.0,2.0,0.0,1.0,0.0,0.0
1234,0.0,0.0,0.0,1.0,1.0,0.0,1.0,0.0,0.0,1.0,0.0
1235,1.0,2.0,0.0,2.0,0.0,1.0,0.0,1.0,1.0,1.0,0.0
1236,1.0,1.0,0.0,0.0,1.0,2.0,0.0,1.0,2.0,2.0,0.0
1237,1.0,1.0,1.0,0.0,1.0,0.0,0.0,2.0,3.0,1.0,1.0
1238,1.0,0.0,0.0,2.0,0.0,0.0,0.0,1.0,3.0,0.0,2.0
1239,4.0,2.0,1.0,0.0,1.0,0.0,0.0,0.0,4.0,0.0,1.0
1240,0.0,2.0,1.0,1.0,0.0,0.0,1.0,0.0,3.0,1.0,2.0
1241,2.0,2.0,3.0,2.0,1.0,0.0,0.0,1.0,1.0,0.0,0.0
1242,1.0,1.0,0.0,0.0,2.0,1.0,2.0,1.0,3.0,0.0,1.0
1243,0.0,1.0,0.0,0.0,0.0,0.0,1.0,0.0,0.0,2.0,2.0
1244,0.0,1.0,0.0,0.0,1.0,0.0,1.0,0.0,1.0,1.0,1.0
1245,1.0,0.0,2.0,0.0,0.0,2.0,0.0,3.0,0.0,0.0,3.0
1246,1.0,0.0,0.0,2.0,1.0,1.0,0.0,1.0,0.0,1.0,0.0
1247,3.0,1.0,0.0,1.0,1.0,0.0,0.0,2.0,0.0,1.0,0.0
1248,0.0,1.0,0.0,0.0,0.0,1.0,0.0,1.0,0.0,0.0,0.0
1249,0.0,0.0,0.0,0.0,0.0,0.0,0.0,0.0,1.0,1.0,0.0
1250,0.0,0.0,0.0,0.0,0.0,0.0,0.0,0.0,0.0,0.0,0.0
1251,0.0,0.0,0.0,0.0,0.0,0.0,1.0,0.0,0.0,0.0,0.0
1252,0.0,0.0,0.0,0.0,0.0,0.0,0.0,0.0,0.0,0.0,0.0
1253,0.0,0.0,0.0,0.0,0.0,0.0,0.0,0.0,0.0,0.0,0.0
1254,0.0,1.0,0.0,0.0,0.0,0.0,0.0,0.0,0.0,0.0,0.0
1255,0.0,1.0,0.0,0.0,0.0,0.0,0.0,0.0,0.0,0.0,1.0
1256,0.0,1.0,0.0,0.0,0.0,0.0,0.0,1.0,1.0,0.0,0.0
1257,0.0,1.0,0.0,1.0,0.0,0.0,0.0,0.0,0.0,0.0,0.0
1258,0.0,0.0,0.0,0.0,0.0,0.0,1.0,0.0,3.0,0.0,0.0
1259,0.0,0.0,0.0,0.0,0.0,0.0,1.0,0.0,0.0,0.0,0.0
1260,0.0,1.0,0.0,1.0,0.0,1.0,0.0,1.0,0.0,0.0,0.0
1261,0.0,0.0,1.0,1.0,0.0,0.0,0.0,0.0,1.0,0.0,0.0
1262,1.0,0.0,0.0,1.0,1.0,0.0,1.0,0.0,0.0,0.0,0.0
1263,1.0,0.0,0.0,0.0,0.0,0.0,0.0,0.0,1.0,0.0,1.0
1264,1.0,0.0,1.0,0.0,0.0,0.0,0.0,1.0,2.0,1.0,1.0
1265,0.0,1.0,0.0,0.0,0.0,0.0,0.0,1.0,1.0,0.0,1.0
1266,0.0,0.0,2.0,1.0,1.0,0.0,1.0,1.0,1.0,0.0,3.0
1267,0.0,2.0,0.0,2.0,0.0,0.0,0.0,0.0,1.0,1.0,0.0
1268,1.0,0.0,0.0,3.0,0.0,2.0,1.0,1.0,0.0,1.0,1.0
1269,0.0,0.0,0.0,1.0,0.0,1.0,1.0,0.0,0.0,2.0,2.0
1270,1.0,0.0,2.0,1.0,0.0,0.0,0.0,0.0,0.0,0.0,0.0
1271,0.0,0.0,0.0,0.0,2.0,0.0,2.0,0.0,0.0,0.0,1.0
1272,0.0,0.0,0.0,1.0,0.0,1.0,1.0,1.0,0.0,0.0,1.0
1273,0.0,0.0,0.0,1.0,0.0,0.0,0.0,0.0,0.0,0.0,0.0
1274,0.0,0.0,0.0,0.0,0.0,0.0,0.0,0.0,0.0,0.0,0.0
1275,0.0,0.0,0.0,0.0,0.0,0.0,0.0,0.0,0.0,0.0,0.0
1276,0.0,0.0,0.0,0.0,0.0,0.0,0.0,0.0,0.0,0.0,0.0
1277,0.0,1.0,0.0,0.0,1.0,0.0,0.0,0.0,1.0,0.0,0.0
1278,1.0,1.0,0.0,0.0,0.0,2.0,0.0,0.0,0.0,0.0,0.0
1279,0.0,2.0,0.0,0.0,1.0,0.0,1.0,0.0,1.0,0.0,0.0
1280,0.0,0.0,0.0,0.0,0.0,0.0,0.0,2.0,0.0,0.0,1.0
1281,0.0,0.0,0.0,0.0,0.0,0.0,0.0,0.0,1.0,0.0,0.0
1282,0.0,0.0,0.0,2.0,0.0,0.0,0.0,1.0,1.0,0.0,0.0
1283,0.0,0.0,1.0,0.0,0.0,0.0,1.0,0.0,0.0,0.0,0.0
1284,1.0,1.0,0.0,0.0,0.0,0.0,0.0,0.0,1.0,0.0,0.0
1285,2.0,1.0,1.0,0.0,0.0,1.0,1.0,0.0,2.0,1.0,1.0
1286,0.0,1.0,2.0,1.0,0.0,0.0,0.0,0.0,1.0,0.0,0.0
1287,0.0,0.0,0.0,1.0,0.0,1.0,0.0,0.0,0.0,1.0,0.0
1288,0.0,1.0,1.0,1.0,0.0,0.0,0.0,1.0,0.0,0.0,2.0
1289,0.0,2.0,1.0,0.0,0.0,0.0,0.0,0.0,1.0,3.0,1.0
1290,0.0,0.0,1.0,0.0,0.0,0.0,1.0,1.0,2.0,0.0,0.0
1291,1.0,0.0,1.0,0.0,0.0,1.0,3.0,1.0,1.0,0.0,2.0
1292,0.0,1.0,1.0,1.0,0.0,0.0,0.0,1.0,0.0,0.0,1.0
1293,0.0,0.0,1.0,0.0,0.0,0.0,1.0,0.0,0.0,1.0,0.0
1294,1.0,1.0,0.0,0.0,1.0,1.0,0.0,0.0,0.0,0.0,0.0
1295,1.0,0.0,1.0,0.0,1.0,0.0,1.0,0.0,0.0,0.0,0.0
1296,1.0,2.0,0.0,0.0,0.0,2.0,2.0,0.0,0.0,0.0,1.0
1297,0.0,0.0,1.0,0.0,0.0,0.0,0.0,1.0,0.0,0.0,0.0
1298,0.0,0.0,0.0,0.0,0.0,0.0,0.0,0.0,0.0,0.0,0.0
1299,0.0,0.0,0.0,0.0,0.0,0.0,0.0,0.0,0.0,0.0,0.0
1300,0.0,0.0,0.0,0.0,0.0,0.0,0.0,0.0,0.0,0.0,0.0
1301,0.0,1.0,0.0,0.0,0.0,1.0,0.0,0.0,0.0,0.0,0.0
1302,1.0,2.0,0.0,0.0,1.0,0.0,0.0,0.0,0.0,0.0,0.0
1303,0.0,0.0,0.0,0.0,0.0,0.0,0.0,0.0,1.0,1.0,1.0
1304,0.0,0.0,0.0,0.0,0.0,1.0,0.0,1.0,0.0,0.0,0.0
1305,0.0,1.0,0.0,0.0,0.0,0.0,0.0,0.0,3.0,0.0,0.0
1306,0.0,0.0,0.0,0.0,1.0,0.0,0.0,0.0,1.0,1.0,0.0
1307,1.0,0.0,0.0,0.0,0.0,0.0,1.0,0.0,0.0,0.0,0.0
1308,0.0,2.0,0.0,0.0,0.0,0.0,0.0,0.0,1.0,0.0,0.0
1309,0.0,0.0,1.0,1.0,0.0,0.0,1.0,0.0,2.0,0.0,1.0
1310,1.0,0.0,0.0,1.0,0.0,0.0,0.0,0.0,0.0,0.0,0.0
1311,0.0,0.0,0.0,2.0,0.0,0.0,2.0,1.0,0.0,1.0,0.0
1312,0.0,0.0,0.0,1.0,0.0,1.0,0.0,1.0,1.0,1.0,0.0
1313,0.0,0.0,0.0,0.0,1.0,0.0,0.0,0.0,2.0,0.0,1.0
1314,0.0,2.0,0.0,1.0,0.0,0.0,1.0,2.0,0.0,0.0,1.0
1315,0.0,2.0,0.0,2.0,0.0,2.0,0.0,1.0,4.0,1.0,2.0
1316,1.0,0.0,0.0,1.0,1.0,0.0,1.0,0.0,1.0,4.0,1.0
1317,1.0,0.0,0.0,0.0,0.0,0.0,1.0,1.0,0.0,0.0,0.0
1318,2.0,0.0,0.0,1.0,0.0,0.0,1.0,0.0,0.0,0.0,0.0
1319,0.0,0.0,0.0,1.0,1.0,1.0,0.0,0.0,0.0,0.0,0.0
1320,0.0,0.0,1.0,0.0,0.0,0.0,0.0,0.0,0.0,0.0,1.0
1321,0.0,0.0,0.0,1.0,0.0,0.0,0.0,0.0,0.0,0.0,0.0
1322,0.0,1.0,0.0,0.0,0.0,0.0,1.0,0.0,0.0,0.0,0.0
1323,0.0,0.0,0.0,0.0,0.0,0.0,0.0,0.0,0.0,0.0,0.0
1324,0.0,0.0,0.0,0.0,0.0,0.0,0.0,0.0,0.0,0.0,0.0
1325,0.0,0.0,0.0,0.0,0.0,0.0,0.0,0.0,0.0,0.0,0.0
1326,0.0,0.0,0.0,0.0,1.0,0.0,0.0,0.0,0.0,0.0,0.0
1327,0.0,0.0,0.0,1.0,1.0,0.0,0.0,0.0,0.0,0.0,0.0
1328,0.0,1.0,0.0,0.0,0.0,0.0,1.0,1.0,0.0,0.0,0.0
1329,0.0,0.0,0.0,1.0,0.0,0.0,0.0,0.0,2.0,0.0,2.0
1330,0.0,1.0,0.0,1.0,0.0,0.0,0.0,0.0,0.0,0.0,1.0
1331,0.0,0.0,0.0,0.0,0.0,0.0,0.0,0.0,0.0,0.0,0.0
1332,0.0,0.0,0.0,2.0,0.0,0.0,1.0,0.0,2.0,0.0,0.0
1333,0.0,1.0,0.0,1.0,0.0,0.0,0.0,0.0,1.0,0.0,1.0
1334,0.0,0.0,0.0,1.0,2.0,1.0,0.0,0.0,2.0,1.0,1.0
1335,0.0,2.0,1.0,1.0,0.0,0.0,0.0,1.0,2.0,1.0,0.0
1336,1.0,0.0,1.0,0.0,0.0,0.0,0.0,0.0,0.0,0.0,0.0
1337,2.0,0.0,0.0,0.0,0.0,0.0,0.0,1.0,1.0,0.0,0.0
1338,0.0,3.0,0.0,0.0,1.0,0.0,0.0,0.0,1.0,0.0,2.0
1339,1.0,0.0,0.0,0.0,2.0,1.0,0.0,0.0,0.0,1.0,1.0
1340,2.0,0.0,1.0,0.0,0.0,1.0,2.0,0.0,3.0,0.0,2.0
1341,1.0,1.0,0.0,0.0,0.0,0.0,3.0,2.0,0.0,2.0,1.0
1342,1.0,0.0,2.0,2.0,0.0,0.0,0.0,2.0,0.0,0.0,2.0
1343,1.0,0.0,0.0,0.0,0.0,0.0,0.0,0.0,0.0,1.0,0.0
1344,0.0,1.0,0.0,1.0,0.0,0.0,0.0,0.0,0.0,0.0,1.0
1345,0.0,1.0,0.0,0.0,0.0,0.0,1.0,0.0,0.0,0.0,0.0
1346,0.0,0.0,0.0,0.0,0.0,0.0,0.0,0.0,0.0,0.0,0.0
1347,0.0,0.0,0.0,0.0,0.0,0.0,0.0,0.0,0.0,0.0,0.0
1348,0.0,0.0,0.0,0.0,0.0,0.0,0.0,0.0,0.0,0.0,0.0
1349,0.0,0.0,0.0,0.0,0.0,0.0,0.0,0.0,0.0,0.0,0.0
1350,0.0,1.0,1.0,0.0,0.0,0.0,0.0,0.0,0.0,0.0,0.0
1351,0.0,1.0,0.0,0.0,0.0,0.0,0.0,0.0,1.0,0.0,0.0
1352,0.0,1.0,0.0,1.0,0.0,0.0,1.0,2.0,0.0,1.0,0.0
1353,0.0,1.0,0.0,3.0,0.0,0.0,0.0,1.0,1.0,0.0,0.0
1354,1.0,0.0,0.0,2.0,0.0,0.0,0.0,0.0,2.0,0.0,0.0
1355,0.0,0.0,1.0,0.0,0.0,0.0,0.0,0.0,0.0,0.0,0.0
1356,0.0,0.0,3.0,0.0,0.0,0.0,0.0,1.0,0.0,0.0,0.0
1357,0.0,1.0,1.0,1.0,0.0,0.0,1.0,2.0,2.0,0.0,2.0
1358,1.0,1.0,0.0,1.0,1.0,0.0,2.0,0.0,3.0,0.0,0.0
1359,0.0,1.0,1.0,0.0,0.0,0.0,0.0,0.0,0.0,0.0,0.0
1360,0.0,0.0,1.0,1.0,1.0,1.0,0.0,0.0,2.0,1.0,0.0
1361,1.0,1.0,0.0,0.0,0.0,0.0,0.0,0.0,2.0,3.0,1.0
1362,0.0,1.0,2.0,2.0,0.0,0.0,0.0,1.0,2.0,1.0,0.0
1363,1.0,1.0,2.0,2.0,0.0,1.0,1.0,2.0,4.0,0.0,2.0
1364,2.0,1.0,0.0,0.0,2.0,2.0,1.0,2.0,1.0,1.0,3.0
1365,2.0,0.0,0.0,1.0,0.0,0.0,2.0,2.0,0.0,4.0,1.0
1366,1.0,0.0,0.0,0.0,0.0,0.0,1.0,0.0,0.0,1.0,0.0
1367,0.0,0.0,0.0,3.0,0.0,0.0,0.0,0.0,0.0,1.0,0.0
1368,0.0,1.0,0.0,1.0,2.0,0.0,0.0,0.0,0.0,0.0,0.0
1369,0.0,0.0,0.0,0.0,0.0,0.0,0.0,0.0,0.0,0.0,1.0
1370,0.0,0.0,0.0,0.0,0.0,1.0,1.0,1.0,0.0,0.0,0.0
1371,0.0,0.0,0.0,0.0,0.0,1.0,1.0,0.0,0.0,1.0,1.0
1372,0.0,0.0,0.0,0.0,0.0,0.0,0.0,0.0,0.0,0.0,0.0
1373,0.0,1.0,0.0,0.0,1.0,0.0,0.0,0.0,1.0,0.0,0.0
1374,0.0,1.0,0.0,0.0,0.0,0.0,0.0,0.0,0.0,0.0,0.0
1375,0.0,1.0,0.0,1.0,0.0,0.0,1.0,0.0,0.0,0.0,0.0
1376,0.0,0.0,0.0,0.0,2.0,0.0,1.0,0.0,0.0,0.0,0.0
1377,1.0,1.0,0.0,0.0,0.0,1.0,0.0,0.0,1.0,0.0,1.0
1378,1.0,1.0,1.0,1.0,0.0,0.0,1.0,0.0,1.0,0.0,1.0
1379,1.0,2.0,0.0,1.0,0.0,0.0,2.0,1.0,1.0,1.0,0.0
1380,1.0,0.0,2.0,2.0,1.0,0.0,0.0,0.0,4.0,0.0,3.0
1381,0.0,1.0,2.0,0.0,2.0,1.0,1.0,1.0,3.0,0.0,1.0
1382,1.0,1.0,1.0,1.0,0.0,0.0,3.0,0.0,1.0,1.0,3.0
1383,0.0,1.0,2.0,0.0,2.0,2.0,0.0,1.0,4.0,2.0,3.0
1384,1.0,0.0,0.0,0.0,0.0,0.0,0.0,1.0,3.0,0.0,1.0
1385,0.0,1.0,1.0,2.0,1.0,1.0,0.0,2.0,1.0,0.0,0.0
1386,1.0,1.0,0.0,2.0,1.0,2.0,1.0,0.0,3.0,0.0,3.0
1387,2.0,1.0,0.0,2.0,0.0,0.0,1.0,3.0,4.0,1.0,3.0
1388,1.0,1.0,2.0,1.0,0.0,2.0,1.0,1.0,2.0,2.0,3.0
1389,0.0,1.0,0.0,1.0,0.0,0.0,2.0,1.0,0.0,2.0,1.0
1390,3.0,1.0,2.0,1.0,0.0,1.0,1.0,3.0,0.0,1.0,0.0
1391,2.0,0.0,1.0,1.0,1.0,0.0,0.0,1.0,0.0,1.0,1.0
1392,1.0,2.0,0.0,1.0,0.0,1.0,1.0,0.0,0.0,0.0,1.0
1393,0.0,1.0,0.0,0.0,0.0,1.0,0.0,0.0,0.0,0.0,0.0
1394,0.0,0.0,0.0,0.0,1.0,0.0,0.0,0.0,0.0,0.0,0.0
1395,0.0,0.0,0.0,0.0,1.0,0.0,0.0,1.0,0.0,0.0,0.0
1396,1.0,0.0,0.0,0.0,0.0,0.0,0.0,1.0,0.0,0.0,0.0
1397,0.0,0.0,0.0,0.0,1.0,0.0,0.0,0.0,1.0,0.0,0.0
1398,0.0,0.0,0.0,1.0,0.0,0.0,0.0,0.0,0.0,0.0,0.0
1399,0.0,1.0,0.0,0.0,1.0,0.0,0.0,0.0,0.0,0.0,0.0
1400,1.0,0.0,0.0,0.0,0.0,0.0,0.0,0.0,2.0,0.0,0.0
1401,0.0,0.0,1.0,0.0,0.0,0.0,0.0,0.0,1.0,0.0,0.0
1402,1.0,1.0,0.0,1.0,1.0,1.0,2.0,1.0,0.0,0.0,0.0
1403,0.0,1.0,0.0,2.0,1.0,1.0,0.0,0.0,0.0,1.0,1.0
1404,1.0,0.0,2.0,3.0,1.0,1.0,3.0,2.0,2.0,0.0,1.0
1405,2.0,2.0,0.0,2.0,1.0,0.0,0.0,1.0,2.0,1.0,2.0
1406,0.0,2.0,0.0,2.0,0.0,0.0,1.0,0.0,4.0,0.0,0.0
1407,2.0,0.0,0.0,1.0,0.0,3.0,1.0,1.0,1.0,0.0,3.0
1408,0.0,2.0,0.0,1.0,0.0,0.0,0.0,1.0,3.0,0.0,2.0
1409,1.0,0.0,0.0,1.0,0.0,0.0,0.0,0.0,2.0,1.0,2.0
1410,0.0,0.0,0.0,2.0,0.0,0.0,2.0,2.0,4.0,1.0,1.0
1411,1.0,1.0,0.0,1.0,2.0,0.0,0.0,1.0,1.0,1.0,2.0
1412,0.0,1.0,1.0,2.0,1.0,0.0,3.0,3.0,1.0,0.0,0.0
1413,1.0,2.0,2.0,0.0,0.0,1.0,1.0,0.0,0.0,0.0,3.0
1414,0.0,2.0,2.0,3.0,2.0,1.0,0.0,0.0,0.0,2.0,0.0
1415,2.0,0.0,0.0,3.0,0.0,1.0,1.0,0.0,0.0,1.0,1.0
1416,0.0,0.0,0.0,1.0,0.0,1.0,1.0,0.0,0.0,0.0,0.0
1417,1.0,2.0,0.0,0.0,0.0,0.0,0.0,0.0,0.0,0.0,1.0
1418,0.0,0.0,0.0,0.0,0.0,1.0,1.0,0.0,0.0,0.0,0.0
1419,0.0,0.0,0.0,1.0,0.0,0.0,0.0,0.0,0.0,0.0,0.0
1420,0.0,0.0,0.0,0.0,0.0,0.0,0.0,0.0,0.0,0.0,0.0
1421,0.0,0.0,0.0,0.0,0.0,0.0,0.0,0.0,0.0,0.0,0.0
1422,0.0,0.0,0.0,0.0,1.0,0.0,0.0,0.0,0.0,0.0,1.0
1423,0.0,1.0,0.0,0.0,0.0,0.0,0.0,0.0,0.0,0.0,1.0
1424,1.0,1.0,2.0,1.0,0.0,0.0,0.0,1.0,0.0,0.0,0.0
1425,0.0,0.0,0.0,1.0,0.0,0.0,0.0,0.0,0.0,0.0,0.0
1426,0.0,0.0,0.0,0.0,1.0,1.0,0.0,0.0,2.0,0.0,0.0
1427,0.0,1.0,0.0,0.0,0.0,0.0,0.0,0.0,1.0,0.0,0.0
1428,1.0,1.0,1.0,0.0,1.0,0.0,0.0,0.0,1.0,0.0,0.0
1429,0.0,0.0,1.0,0.0,0.0,0.0,0.0,0.0,0.0,0.0,0.0
1430,1.0,0.0,0.0,0.0,0.0,1.0,0.0,0.0,1.0,0.0,0.0
1431,2.0,1.0,1.0,0.0,0.0,0.0,1.0,0.0,1.0,1.0,0.0
1432,1.0,0.0,0.0,0.0,1.0,0.0,1.0,0.0,0.0,0.0,0.0
1433,0.0,2.0,0.0,1.0,1.0,0.0,0.0,0.0,1.0,0.0,0.0
1434,1.0,1.0,2.0,2.0,0.0,0.0,3.0,0.0,0.0,0.0,0.0
1435,1.0,2.0,0.0,1.0,2.0,0.0,1.0,0.0,4.0,0.0,1.0
1436,0.0,0.0,1.0,1.0,1.0,0.0,1.0,1.0,0.0,0.0,0.0
1437,2.0,1.0,0.0,0.0,1.0,0.0,1.0,0.0,0.0,1.0,1.0
1438,0.0,0.0,2.0,0.0,0.0,0.0,1.0,1.0,0.0,1.0,2.0
1439,1.0,0.0,1.0,1.0,0.0,0.0,0.0,1.0,0.0,0.0,0.0
1440,0.0,1.0,0.0,0.0,0.0,0.0,0.0,0.0,0.0,1.0,0.0
1441,0.0,0.0,0.0,0.0,0.0,0.0,0.0,0.0,0.0,0.0,0.0
1442,0.0,0.0,1.0,0.0,0.0,0.0,0.0,0.0,0.0,0.0,0.0
1443,0.0,0.0,0.0,0.0,0.0,0.0,0.0,0.0,0.0,0.0,0.0
1444,0.0,0.0,0.0,1.0,0.0,0.0,0.0,0.0,0.0,0.0,0.0
1445,0.0,0.0,1.0,0.0,0.0,0.0,0.0,0.0,0.0,0.0,0.0
1446,0.0,1.0,0.0,0.0,0.0,0.0,0.0,0.0,0.0,0.0,0.0
1447,1.0,0.0,0.0,0.0,0.0,0.0,0.0,0.0,0.0,0.0,1.0
1448,0.0,2.0,1.0,0.0,0.0,0.0,0.0,1.0,2.0,0.0,0.0
1449,0.0,0.0,0.0,0.0,1.0,0.0,0.0,0.0,0.0,0.0,0.0
1450,0.0,0.0,0.0,1.0,0.0,0.0,0.0,0.0,1.0,0.0,0.0
1451,0.0,0.0,0.0,1.0,0.0,1.0,0.0,0.0,1.0,0.0,1.0
1452,1.0,0.0,0.0,1.0,0.0,0.0,0.0,0.0,1.0,0.0,0.0
1453,0.0,0.0,1.0,0.0,0.0,0.0,1.0,0.0,1.0,0.0,0.0
1454,2.0,2.0,0.0,0.0,1.0,2.0,1.0,0.0,1.0,1.0,0.0
1455,1.0,0.0,1.0,2.0,2.0,0.0,2.0,0.0,0.0,0.0,0.0
1456,0.0,2.0,2.0,0.0,0.0,0.0,0.0,0.0,1.0,0.0,1.0
1457,1.0,2.0,0.0,1.0,0.0,1.0,0.0,0.0,2.0,0.0,1.0
1458,0.0,0.0,1.0,0.0,0.0,1.0,2.0,2.0,1.0,0.0,1.0
1459,1.0,0.0,2.0,1.0,0.0,2.0,0.0,1.0,3.0,0.0,2.0
1460,0.0,0.0,1.0,1.0,1.0,2.0,1.0,0.0,0.0,1.0,2.0
1461,1.0,0.0,0.0,0.0,1.0,1.0,0.0,0.0,0.0,2.0,1.0
1462,0.0,1.0,0.0,0.0,1.0,0.0,1.0,2.0,0.0,1.0,1.0
1463,1.0,0.0,0.0,2.0,2.0,1.0,0.0,1.0,0.0,1.0,0.0
1464,0.0,0.0,0.0,0.0,0.0,0.0,0.0,1.0,0.0,0.0,0.0
1465,0.0,0.0,0.0,0.0,0.0,0.0,0.0,0.0,0.0,0.0,0.0
1466,0.0,0.0,0.0,0.0,0.0,0.0,0.0,0.0,0.0,0.0,0.0
1467,0.0,0.0,0.0,0.0,0.0,0.0,0.0,0.0,0.0,0.0,0.0
1468,0.0,0.0,0.0,0.0,0.0,0.0,0.0,0.0,0.0,0.0,0.0
1469,1.0,0.0,0.0,0.0,0.0,0.0,0.0,0.0,0.0,0.0,0.0
1470,0.0,0.0,0.0,0.0,0.0,0.0,0.0,0.0,1.0,0.0,0.0
1471,0.0,0.0,0.0,0.0,0.0,0.0,0.0,0.0,0.0,0.0,1.0
1472,0.0,0.0,0.0,1.0,1.0,0.0,0.0,0.0,0.0,0.0,0.0
1473,1.0,0.0,0.0,1.0,0.0,0.0,1.0,0.0,2.0,1.0,0.0
1474,0.0,0.0,0.0,0.0,0.0,0.0,2.0,0.0,3.0,0.0,0.0
1475,0.0,0.0,0.0,1.0,0.0,0.0,1.0,0.0,0.0,0.0,0.0
1476,0.0,1.0,0.0,0.0,1.0,0.0,0.0,0.0,2.0,1.0,1.0
1477,1.0,2.0,0.0,0.0,0.0,0.0,0.0,0.0,1.0,0.0,0.0
1478,0.0,0.0,0.0,0.0,0.0,0.0,1.0,0.0,2.0,0.0,0.0
1479,0.0,0.0,0.0,0.0,0.0,0.0,0.0,0.0,1.0,0.0,0.0
1480,0.0,2.0,0.0,0.0,2.0,1.0,0.0,0.0,1.0,0.0,0.0
1481,0.0,0.0,0.0,0.0,1.0,0.0,1.0,0.0,1.0,0.0,1.0
1482,0.0,1.0,2.0,0.0,0.0,0.0,2.0,0.0,3.0,1.0,1.0
1483,0.0,1.0,1.0,0.0,0.0,1.0,1.0,1.0,2.0,2.0,2.0
1484,2.0,0.0,2.0,1.0,0.0,3.0,2.0,0.0,0.0,1.0,0.0
1485,3.0,0.0,2.0,1.0,0.0,0.0,0.0,1.0,0.0,0.0,2.0
1486,0.0,1.0,0.0,1.0,0.0,0.0,2.0,0.0,0.0,0.0,2.0
1487,1.0,0.0,2.0,1.0,0.0,1.0,0.0,2.0,0.0,0.0,0.0
1488,0.0,1.0,1.0,0.0,1.0,0.0,0.0,0.0,0.0,0.0,0.0
1489,0.0,1.0,0.0,0.0,0.0,0.0,0.0,1.0,0.0,0.0,0.0
1490,0.0,0.0,0.0,0.0,0.0,0.0,0.0,0.0,0.0,0.0,0.0
1491,0.0,0.0,0.0,0.0,0.0,0.0,0.0,0.0,0.0,0.0,1.0
1492,1.0,0.0,0.0,0.0,0.0,0.0,1.0,0.0,0.0,0.0,0.0
1493,0.0,0.0,0.0,0.0,0.0,0.0,0.0,0.0,0.0,0.0,0.0
1494,0.0,0.0,1.0,1.0,1.0,0.0,0.0,0.0,0.0,0.0,0.0
1495,0.0,1.0,0.0,0.0,1.0,1.0,0.0,0.0,1.0,0.0,1.0
1496,0.0,3.0,0.0,0.0,0.0,0.0,0.0,0.0,3.0,0.0,0.0
1497,0.0,0.0,0.0,1.0,1.0,0.0,1.0,0.0,0.0,0.0,0.0
1498,0.0,0.0,0.0,1.0,0.0,0.0,0.0,1.0,0.0,0.0,0.0
1499,1.0,2.0,0.0,1.0,0.0,0.0,0.0,0.0,0.0,0.0,0.0
1500,1.0,0.0,0.0,0.0,0.0,0.0,2.0,1.0,1.0,1.0,1.0
1501,0.0,0.0,0.0,1.0,2.0,0.0,0.0,1.0,2.0,0.0,0.0
1502,1.0,1.0,0.0,1.0,0.0,0.0,0.0,0.0,0.0,0.0,0.0
1503,1.0,1.0,0.0,0.0,0.0,0.0,1.0,0.0,1.0,1.0,0.0
1504,1.0,0.0,0.0,1.0,0.0,1.0,0.0,0.0,1.0,1.0,0.0
1505,2.0,0.0,0.0,0.0,0.0,0.0,2.0,1.0,1.0,1.0,2.0
1506,0.0,0.0,1.0,0.0,0.0,1.0,1.0,1.0,2.0,0.0,0.0
1507,2.0,2.0,0.0,1.0,1.0,1.0,1.0,0.0,1.0,2.0,0.0
1508,0.0,0.0,2.0,1.0,2.0,0.0,2.0,1.0,2.0,0.0,1.0
1509,1.0,1.0,1.0,0.0,1.0,0.0,0.0,1.0,0.0,0.0,1.0
1510,1.0,0.0,1.0,0.0,1.0,0.0,0.0,0.0,0.0,2.0,2.0
1511,0.0,0.0,0.0,0.0,0.0,0.0,0.0,1.0,0.0,0.0,1.0
1512,0.0,0.0,1.0,0.0,1.0,0.0,0.0,1.0,0.0,0.0,0.0
1513,0.0,0.0,0.0,0.0,0.0,0.0,0.0,0.0,0.0,0.0,0.0
1514,0.0,0.0,0.0,0.0,0.0,0.0,0.0,0.0,0.0,0.0,0.0
1515,0.0,0.0,0.0,0.0,2.0,0.0,0.0,0.0,0.0,0.0,0.0
1516,0.0,0.0,0.0,0.0,0.0,0.0,0.0,0.0,0.0,0.0,0.0
1517,0.0,0.0,0.0,0.0,0.0,0.0,0.0,0.0,1.0,0.0,0.0
1518,0.0,0.0,0.0,0.0,1.0,0.0,1.0,0.0,0.0,0.0,0.0
1519,2.0,0.0,0.0,0.0,1.0,0.0,0.0,0.0,0.0,1.0,1.0
1520,0.0,1.0,0.0,0.0,0.0,0.0,0.0,0.0,2.0,0.0,1.0
1521,0.0,0.0,0.0,0.0,0.0,0.0,0.0,1.0,1.0,0.0,0.0
1522,0.0,1.0,1.0,1.0,0.0,0.0,2.0,0.0,1.0,0.0,0.0
1523,0.0,1.0,0.0,0.0,0.0,0.0,0.0,0.0,0.0,1.0,0.0
1524,0.0,2.0,1.0,0.0,0.0,0.0,0.0,0.0,0.0,0.0,1.0
1525,2.0,1.0,1.0,2.0,1.0,0.0,1.0,1.0,2.0,0.0,1.0
1526,2.0,0.0,0.0,2.0,0.0,0.0,0.0,0.0,1.0,0.0,0.0
1527,0.0,3.0,0.0,0.0,1.0,0.0,0.0,0.0,0.0,1.0,0.0
1528,0.0,1.0,0.0,1.0,1.0,1.0,2.0,1.0,3.0,0.0,0.0
1529,0.0,0.0,0.0,0.0,0.0,0.0,0.0,0.0,2.0,0.0,0.0
1530,0.0,1.0,1.0,1.0,0.0,0.0,1.0,1.0,3.0,1.0,2.0
1531,1.0,0.0,0.0,2.0,1.0,0.0,2.0,1.0,2.0,0.0,3.0
1532,2.0,0.0,2.0,1.0,2.0,1.0,1.0,0.0,4.0,0.0,1.0
1533,0.0,0.0,0.0,2.0,0.0,2.0,3.0,0.0,2.0,1.0,1.0
1534,2.0,1.0,1.0,1.0,0.0,0.0,1.0,0.0,0.0,1.0,1.0
1535,1.0,0.0,0.0,2.0,2.0,0.0,0.0,1.0,1.0,1.0,0.0
1536,1.0,0.0,1.0,1.0,0.0,1.0,1.0,2.0,0.0,0.0,1.0
1537,1.0,2.0,0.0,0.0,0.0,0.0,1.0,1.0,0.0,1.0,0.0
1538,0.0,0.0,0.0,0.0,0.0,1.0,0.0,0.0,0.0,1.0,0.0
1539,0.0,0.0,0.0,1.0,0.0,0.0,0.0,0.0,0.0,1.0,0.0
1540,1.0,0.0,0.0,1.0,0.0,1.0,0.0,0.0,0.0,0.0,0.0
1541,0.0,0.0,0.0,0.0,0.0,0.0,0.0,0.0,0.0,0.0,0.0
1542,0.0,0.0,0.0,0.0,0.0,0.0,0.0,0.0,0.0,0.0,0.0
1543,0.0,0.0,0.0,0.0,0.0,0.0,1.0,0.0,1.0,0.0,0.0
1544,0.0,0.0,0.0,0.0,1.0,0.0,1.0,0.0,0.0,0.0,0.0
1545,0.0,0.0,0.0,0.0,0.0,1.0,1.0,1.0,3.0,0.0,1.0
1546,0.0,0.0,0.0,1.0,0.0,1.0,0.0,0.0,0.0,0.0,0.0
1547,3.0,2.0,1.0,0.0,1.0,0.0,0.0,1.0,2.0,0.0,1.0
1548,0.0,1.0,1.0,0.0,0.0,1.0,0.0,0.0,0.0,0.0,1.0
1549,1.0,1.0,1.0,3.0,1.0,0.0,1.0,0.0,0.0,0.0,4.0
1550,0.0,1.0,0.0,1.0,1.0,0.0,0.0,1.0,1.0,1.0,1.0
1551,2.0,0.0,2.0,2.0,0.0,0.0,3.0,0.0,5.0,0.0,1.0
1552,3.0,3.0,1.0,1.0,1.0,1.0,0.0,0.0,3.0,0.0,0.0
1553,1.0,1.0,0.0,1.0,2.0,0.0,1.0,0.0,4.0,0.0,3.0
1554,2.0,2.0,0.0,0.0,1.0,1.0,1.0,1.0,2.0,1.0,1.0
1555,0.0,0.0,0.0,1.0,1.0,1.0,1.0,0.0,3.0,1.0,2.0
1556,1.0,1.0,0.0,0.0,1.0,0.0,3.0,2.0,1.0,0.0,1.0
1557,2.0,1.0,0.0,1.0,0.0,0.0,1.0,2.0,1.0,3.0,1.0
1558,1.0,3.0,2.0,2.0,1.0,0.0,2.0,0.0,0.0,0.0,2.0
1559,2.0,2.0,2.0,1.0,0.0,2.0,2.0,1.0,0.0,1.0,2.0
1560,2.0,1.0,2.0,1.0,0.0,1.0,0.0,1.0,0.0,0.0,0.0
1561,0.0,0.0,1.0,1.0,1.0,1.0,2.0,1.0,0.0,1.0,0.0
1562,0.0,0.0,0.0,0.0,1.0,0.0,1.0,0.0,0.0,0.0,0.0
1563,2.0,0.0,0.0,0.0,0.0,0.0,1.0,1.0,0.0,1.0,0.0
1564,1.0,0.0,0.0,0.0,0.0,1.0,0.0,0.0,0.0,0.0,0.0
1565,0.0,0.0,0.0,0.0,0.0,0.0,0.0,0.0,0.0,0.0,0.0
1566,0.0,0.0,0.0,1.0,2.0,0.0,0.0,0.0,0.0,0.0,0.0
1567,1.0,1.0,0.0,0.0,0.0,0.0,1.0,0.0,0.0,0.0,0.0
1568,0.0,1.0,1.0,0.0,0.0,0.0,1.0,0.0,1.0,0.0,0.0
1569,0.0,0.0,0.0,5.0,0.0,0.0,1.0,0.0,3.0,0.0,0.0
1570,0.0,0.0,0.0,0.0,0.0,1.0,0.0,0.0,0.0,0.0,0.0
1571,0.0,2.0,2.0,1.0,1.0,0.0,0.0,1.0,1.0,0.0,0.0
1572,4.0,2.0,0.0,2.0,2.0,2.0,0.0,1.0,2.0,1.0,1.0
1573,1.0,0.0,0.0,2.0,1.0,0.0,1.0,1.0,1.0,0.0,0.0
1574,0.0,1.0,1.0,3.0,0.0,0.0,1.0,1.0,3.0,0.0,0.0
1575,0.0,3.0,0.0,3.0,0.0,0.0,1.0,2.0,0.0,1.0,0.0
1576,2.0,2.0,1.0,0.0,0.0,0.0,0.0,0.0,5.0,0.0,2.0
1577,0.0,0.0,2.0,1.0,0.0,0.0,0.0,0.0,1.0,0.0,1.0
1578,1.0,2.0,1.0,1.0,1.0,0.0,0.0,0.0,3.0,0.0,1.0
1579,0.0,1.0,1.0,3.0,0.0,0.0,1.0,2.0,0.0,3.0,1.0
1580,1.0,0.0,3.0,0.0,0.0,0.0,3.0,3.0,1.0,1.0,2.0
1581,0.0,1.0,1.0,2.0,0.0,2.0,2.0,1.0,1.0,1.0,1.0
1582,2.0,3.0,1.0,1.0,2.0,0.0,0.0,0.0,0.0,0.0,1.0
1583,0.0,2.0,0.0,2.0,0.0,1.0,2.0,2.0,0.0,0.0,0.0
1584,0.0,0.0,2.0,1.0,1.0,1.0,2.0,0.0,0.0,0.0,0.0
1585,0.0,0.0,0.0,0.0,0.0,0.0,0.0,0.0,0.0,0.0,0.0
1586,0.0,0.0,1.0,0.0,0.0,1.0,0.0,0.0,0.0,0.0,0.0
1587,0.0,0.0,0.0,0.0,0.0,0.0,0.0,0.0,0.0,0.0,0.0
1588,0.0,0.0,0.0,0.0,0.0,0.0,0.0,0.0,0.0,0.0,0.0
1589,0.0,0.0,0.0,0.0,0.0,0.0,0.0,0.0,1.0,0.0,0.0
1590,0.0,1.0,0.0,0.0,0.0,0.0,0.0,0.0,0.0,0.0,0.0
1591,0.0,1.0,0.0,0.0,0.0,0.0,0.0,0.0,0.0,0.0,0.0
1592,1.0,1.0,0.0,0.0,1.0,0.0,1.0,2.0,0.0,0.0,1.0
1593,1.0,1.0,0.0,0.0,2.0,1.0,0.0,1.0,1.0,0.0,0.0
1594,0.0,0.0,1.0,1.0,0.0,0.0,1.0,2.0,1.0,0.0,0.0
1595,0.0,0.0,1.0,2.0,0.0,0.0,1.0,0.0,2.0,0.0,0.0
1596,0.0,0.0,0.0,0.0,0.0,0.0,0.0,0.0,0.0,0.0,0.0
1597,0.0,0.0,0.0,0.0,0.0,0.0,1.0,0.0,1.0,0.0,0.0
1598,0.0,0.0,0.0,1.0,0.0,0.0,0.0,0.0,0.0,0.0,0.0
1599,1.0,0.0,0.0,1.0,0.0,0.0,0.0,0.0,1.0,0.0,1.0
1600,0.0,0.0,0.0,0.0,0.0,0.0,2.0,1.0,2.0,0.0,0.0
1601,0.0,0.0,0.0,0.0,0.0,0.0,1.0,0.0,1.0,0.0,0.0
1602,0.0,0.0,1.0,1.0,0.0,0.0,2.0,1.0,4.0,1.0,0.0
1603,0.0,3.0,1.0,2.0,0.0,0.0,4.0,1.0,2.0,1.0,1.0
1604,2.0,0.0,0.0,1.0,1.0,0.0,1.0,0.0,1.0,0.0,1.0
1605,1.0,0.0,0.0,1.0,0.0,0.0,0.0,1.0,0.0,1.0,1.0
1606,0.0,1.0,0.0,2.0,0.0,0.0,0.0,0.0,0.0,1.0,0.0
1607,0.0,0.0,1.0,2.0,0.0,0.0,0.0,1.0,0.0,0.0,0.0
1608,0.0,0.0,0.0,0.0,0.0,0.0,0.0,0.0,0.0,0.0,1.0
1609,3.0,0.0,0.0,0.0,0.0,1.0,2.0,0.0,0.0,0.0,0.0
1610,0.0,0.0,0.0,0.0,0.0,0.0,1.0,0.0,0.0,0.0,0.0
1611,0.0,0.0,0.0,0.0,0.0,0.0,1.0,0.0,0.0,0.0,0.0
1612,0.0,0.0,0.0,0.0,0.0,0.0,0.0,0.0,0.0,0.0,0.0
1613,0.0,0.0,0.0,0.0,0.0,0.0,0.0,0.0,0.0,0.0,0.0
1614,0.0,1.0,0.0,0.0,0.0,0.0,0.0,0.0,1.0,0.0,0.0
1615,1.0,0.0,0.0,0.0,0.0,0.0,0.0,0.0,0.0,0.0,0.0
1616,0.0,0.0,0.0,0.0,0.0,1.0,0.0,1.0,0.0,0.0,0.0
1617,0.0,0.0,0.0,2.0,0.0,0.0,1.0,0.0,3.0,0.0,0.0
1618,0.0,0.0,0.0,2.0,0.0,0.0,0.0,0.0,0.0,0.0,0.0
1619,0.0,0.0,0.0,1.0,0.0,1.0,0.0,0.0,0.0,0.0,2.0
1620,0.0,0.0,0.0,0.0,0.0,0.0,0.0,0.0,1.0,0.0,0.0
1621,0.0,0.0,0.0,1.0,0.0,1.0,1.0,0.0,0.0,1.0,0.0
1622,0.0,2.0,0.0,0.0,0.0,0.0,0.0,1.0,2.0,0.0,0.0
1623,0.0,0.0,0.0,0.0,1.0,0.0,0.0,0.0,0.0,0.0,0.0
1624,0.0,1.0,0.0,0.0,0.0,0.0,1.0,0.0,1.0,0.0,1.0
1625,1.0,0.0,0.0,2.0,0.0,1.0,0.0,2.0,0.0,0.0,0.0
1626,0.0,2.0,2.0,0.0,1.0,0.0,0.0,1.0,3.0,0.0,1.0
1627,3.0,1.0,1.0,0.0,0.0,0.0,0.0,1.0,1.0,0.0,3.0
1628,0.0,1.0,1.0,0.0,2.0,0.0,1.0,0.0,1.0,1.0,0.0
1629,3.0,1.0,0.0,0.0,0.0,2.0,0.0,1.0,0.0,2.0,2.0
1630,0.0,0.0,0.0,2.0,1.0,0.0,0.0,0.0,0.0,1.0,1.0
1631,0.0,0.0,1.0,0.0,0.0,1.0,0.0,0.0,0.0,0.0,0.0
1632,1.0,0.0,0.0,1.0,1.0,0.0,1.0,2.0,0.0,0.0,1.0
1633,0.0,0.0,0.0,0.0,0.0,1.0,0.0,0.0,0.0,0.0,0.0
1634,0.0,0.0,0.0,0.0,0.0,0.0,0.0,0.0,0.0,0.0,0.0
1635,0.0,0.0,0.0,0.0,0.0,0.0,0.0,0.0,0.0,0.0,0.0
1636,0.0,0.0,0.0,0.0,0.0,0.0,0.0,0.0,0.0,0.0,0.0
1637,0.0,0.0,0.0,0.0,0.0,0.0,0.0,0.0,0.0,0.0,0.0
1638,0.0,0.0,0.0,0.0,0.0,0.0,1.0,0.0,0.0,0.0,0.0
1639,0.0,0.0,0.0,1.0,1.0,0.0,1.0,0.0,0.0,0.0,0.0
1640,0.0,0.0,0.0,0.0,1.0,0.0,0.0,0.0,0.0,0.0,0.0
1641,0.0,0.0,1.0,0.0,0.0,0.0,1.0,0.0,3.0,0.0,1.0
1642,0.0,0.0,0.0,0.0,0.0,0.0,1.0,0.0,2.0,0.0,1.0
1643,0.0,0.0,0.0,0.0,1.0,0.0,0.0,0.0,1.0,0.0,0.0
1644,0.0,0.0,0.0,0.0,0.0,0.0,0.0,0.0,0.0,0.0,0.0
1645,1.0,0.0,0.0,1.0,0.0,0.0,0.0,0.0,2.0,0.0,0.0
1646,0.0,1.0,0.0,1.0,0.0,0.0,1.0,0.0,2.0,0.0,1.0
1647,1.0,0.0,1.0,0.0,1.0,0.0,1.0,0.0,2.0,0.0,1.0
1648,0.0,0.0,0.0,0.0,0.0,1.0,0.0,0.0,2.0,0.0,0.0
1649,1.0,1.0,2.0,0.0,0.0,0.0,0.0,0.0,0.0,0.0,2.0
1650,1.0,2.0,2.0,1.0,0.0,0.0,3.0,0.0,1.0,0.0,3.0
1651,2.0,2.0,1.0,2.0,0.0,1.0,1.0,1.0,4.0,0.0,2.0
1652,2.0,1.0,0.0,0.0,1.0,0.0,0.0,0.0,1.0,0.0,1.0
1653,0.0,0.0,0.0,1.0,1.0,0.0,0.0,0.0,1.0,2.0,0.0
1654,1.0,0.0,1.0,1.0,0.0,0.0,0.0,3.0,1.0,1.0,2.0
1655,2.0,1.0,0.0,1.0,0.0,0.0,0.0,1.0,0.0,0.0,0.0
1656,0.0,0.0,0.0,1.0,0.0,1.0,0.0,0.0,0.0,0.0,0.0
1657,0.0,0.0,0.0,0.0,0.0,1.0,2.0,0.0,0.0,0.0,0.0
1658,0.0,0.0,0.0,0.0,0.0,0.0,0.0,0.0,0.0,0.0,0.0
1659,0.0,0.0,0.0,0.0,0.0,0.0,0.0,0.0,0.0,0.0,0.0
1660,0.0,0.0,0.0,0.0,0.0,0.0,0.0,0.0,0.0,0.0,0.0
1661,0.0,0.0,0.0,0.0,0.0,0.0,0.0,0.0,0.0,0.0,0.0
1662,1.0,0.0,0.0,0.0,0.0,0.0,0.0,0.0,0.0,0.0,0.0
1663,1.0,0.0,0.0,0.0,0.0,0.0,0.0,0.0,0.0,0.0,0.0
1664,0.0,1.0,0.0,2.0,1.0,0.0,1.0,1.0,0.0,0.0,0.0
1665,0.0,0.0,0.0,0.0,1.0,0.0,0.0,0.0,0.0,0.0,0.0
1666,0.0,0.0,0.0,1.0,0.0,0.0,1.0,0.0,0.0,0.0,0.0
1667,0.0,1.0,0.0,1.0,0.0,0.0,0.0,0.0,0.0,0.0,0.0
1668,2.0,0.0,0.0,1.0,0.0,0.0,0.0,0.0,0.0,0.0,0.0
1669,0.0,0.0,0.0,1.0,0.0,0.0,0.0,0.0,0.0,0.0,0.0
1670,0.0,0.0,1.0,0.0,0.0,0.0,1.0,1.0,1.0,0.0,0.0
1671,0.0,1.0,0.0,0.0,0.0,0.0,0.0,0.0,0.0,0.0,0.0
1672,0.0,0.0,0.0,0.0,1.0,0.0,1.0,2.0,1.0,0.0,0.0
1673,1.0,1.0,1.0,0.0,2.0,0.0,0.0,1.0,1.0,0.0,1.0
1674,2.0,3.0,2.0,1.0,0.0,2.0,1.0,1.0,3.0,0.0,1.0
1675,0.0,0.0,0.0,2.0,0.0,2.0,2.0,0.0,0.0,1.0,1.0
1676,5.0,2.0,1.0,2.0,0.0,1.0,2.0,0.0,4.0,1.0,1.0
1677,0.0,1.0,0.0,0.0,1.0,0.0,1.0,0.0,0.0,0.0,0.0
1678,1.0,0.0,1.0,2.0,1.0,0.0,0.0,0.0,0.0,1.0,2.0
1679,1.0,0.0,1.0,2.0,0.0,0.0,0.0,1.0,0.0,0.0,0.0
1680,1.0,0.0,0.0,0.0,0.0,1.0,0.0,0.0,0.0,2.0,0.0
1681,0.0,0.0,1.0,2.0,0.0,0.0,0.0,0.0,0.0,0.0,0.0
1682,0.0,0.0,0.0,0.0,0.0,0.0,0.0,0.0,0.0,0.0,0.0
1683,1.0,0.0,0.0,0.0,0.0,0.0,0.0,0.0,0.0,0.0,0.0
1684,0.0,0.0,0.0,0.0,0.0,0.0,0.0,0.0,0.0,0.0,0.0
1685,0.0,0.0,0.0,0.0,1.0,0.0,0.0,0.0,0.0,0.0,0.0
1686,1.0,1.0,0.0,0.0,0.0,0.0,0.0,1.0,1.0,0.0,0.0
1687,1.0,0.0,0.0,0.0,2.0,0.0,0.0,0.0,0.0,0.0,1.0
1688,0.0,0.0,0.0,0.0,1.0,0.0,0.0,0.0,0.0,0.0,1.0
1689,0.0,0.0,0.0,0.0,0.0,0.0,1.0,0.0,1.0,0.0,1.0
1690,0.0,0.0,0.0,1.0,0.0,0.0,2.0,0.0,3.0,0.0,1.0
1691,0.0,1.0,1.0,0.0,0.0,2.0,0.0,0.0,0.0,0.0,0.0
1692,1.0,1.0,0.0,0.0,0.0,1.0,0.0,1.0,0.0,0.0,1.0
1693,0.0,0.0,0.0,0.0,0.0,0.0,0.0,1.0,0.0,0.0,1.0
1694,2.0,0.0,2.0,0.0,0.0,1.0,0.0,0.0,3.0,0.0,0.0
1695,0.0,0.0,3.0,0.0,0.0,0.0,0.0,1.0,2.0,1.0,2.0
1696,0.0,0.0,0.0,3.0,1.0,0.0,1.0,0.0,2.0,2.0,0.0
1697,0.0,0.0,0.0,0.0,0.0,2.0,0.0,1.0,5.0,1.0,0.0
1698,0.0,2.0,0.0,1.0,0.0,0.0,0.0,1.0,1.0,0.0,1.0
1699,3.0,2.0,1.0,2.0,2.0,0.0,1.0,0.0,2.0,1.0,4.0
1700,2.0,1.0,1.0,0.0,0.0,0.0,4.0,1.0,4.0,2.0,0.0
1701,1.0,2.0,0.0,1.0,1.0,2.0,1.0,0.0,1.0,3.0,2.0
1702,0.0,1.0,0.0,1.0,5.0,1.0,2.0,1.0,0.0,1.0,2.0
1703,3.0,0.0,4.0,0.0,0.0,0.0,2.0,0.0,0.0,1.0,1.0
1704,0.0,0.0,1.0,1.0,0.0,1.0,2.0,0.0,0.0,1.0,1.0
1705,0.0,0.0,0.0,1.0,0.0,0.0,0.0,0.0,0.0,0.0,0.0
1706,0.0,1.0,0.0,0.0,1.0,0.0,0.0,2.0,1.0,1.0,0.0
1707,0.0,0.0,0.0,0.0,1.0,0.0,0.0,0.0,0.0,0.0,1.0
1708,0.0,1.0,0.0,1.0,1.0,0.0,0.0,0.0,0.0,0.0,0.0
1709,0.0,0.0,0.0,0.0,1.0,0.0,0.0,1.0,1.0,1.0,0.0
1710,0.0,1.0,0.0,0.0,0.0,0.0,0.0,0.0,0.0,0.0,0.0
1711,0.0,0.0,0.0,1.0,0.0,0.0,1.0,0.0,0.0,0.0,1.0
1712,0.0,2.0,1.0,0.0,0.0,0.0,0.0,0.0,1.0,0.0,0.0
1713,0.0,0.0,0.0,0.0,0.0,0.0,2.0,0.0,1.0,0.0,1.0
1714,0.0,2.0,0.0,0.0,0.0,1.0,0.0,0.0,0.0,0.0,0.0
1715,2.0,1.0,1.0,1.0,3.0,0.0,1.0,1.0,1.0,1.0,0.0
1716,1.0,3.0,0.0,1.0,0.0,0.0,1.0,1.0,1.0,0.0,0.0
1717,0.0,1.0,1.0,0.0,0.0,0.0,2.0,1.0,0.0,0.0,2.0
1718,3.0,2.0,1.0,1.0,0.0,0.0,1.0,2.0,3.0,0.0,1.0
1719,3.0,1.0,2.0,3.0,1.0,0.0,1.0,1.0,4.0,0.0,2.0
1720,1.0,1.0,0.0,2.0,2.0,0.0,1.0,0.0,1.0,0.0,1.0
1721,1.0,0.0,2.0,0.0,0.0,0.0,0.0,0.0,5.0,0.0,3.0
1722,2.0,3.0,0.0,0.0,0.0,2.0,1.0,3.0,3.0,1.0,0.0
1723,0.0,2.0,0.0,2.0,1.0,1.0,2.0,2.0,1.0,1.0,3.0
1724,1.0,0.0,2.0,3.0,0.0,1.0,0.0,0.0,2.0,0.0,1.0
1725,2.0,0.0,3.0,1.0,2.0,1.0,1.0,2.0,1.0,2.0,0.0
1726,1.0,3.0,1.0,1.0,1.0,1.0,0.0,1.0,0.0,1.0,1.0
1727,0.0,0.0,1.0,1.0,1.0,1.0,1.0,1.0,1.0,2.0,1.0
1728,3.0,0.0,1.0,0.0,3.0,0.0,1.0,1.0,0.0,1.0,0.0
1729,1.0,1.0,0.0,0.0,0.0,2.0,0.0,0.0,1.0,0.0,1.0
1730,1.0,0.0,0.0,0.0,0.0,0.0,0.0,0.0,0.0,0.0,0.0
1731,0.0,0.0,0.0,0.0,0.0,0.0,0.0,0.0,0.0,0.0,0.0
1732,1.0,0.0,1.0,1.0,0.0,0.0,0.0,0.0,0.0,0.0,0.0
1733,0.0,0.0,0.0,0.0,0.0,0.0,0.0,1.0,0.0,0.0,0.0
1734,0.0,0.0,0.0,0.0,2.0,0.0,0.0,1.0,1.0,0.0,0.0
1735,0.0,0.0,0.0,1.0,0.0,0.0,0.0,0.0,0.0,0.0,0.0
1736,1.0,0.0,0.0,0.0,0.0,0.0,1.0,0.0,0.0,1.0,1.0
1737,0.0,0.0,0.0,1.0,0.0,0.0,1.0,0.0,3.0,0.0,0.0
1738,1.0,2.0,0.0,2.0,0.0,0.0,0.0,0.0,0.0,0.0,1.0
1739,3.0,2.0,0.0,1.0,0.0,0.0,0.0,0.0,0.0,0.0,0.0
1740,1.0,1.0,1.0,0.0,0.0,1.0,2.0,0.0,1.0,1.0,1.0
1741,1.0,1.0,1.0,1.0,0.0,0.0,2.0,1.0,4.0,0.0,0.0
1742,0.0,2.0,0.0,1.0,0.0,0.0,2.0,1.0,3.0,0.0,0.0
1743,0.0,3.0,0.0,0.0,0.0,0.0,2.0,1.0,2.0,1.0,1.0
1744,0.0,0.0,2.0,0.0,1.0,0.0,0.0,1.0,4.0,0.0,2.0
1745,0.0,1.0,2.0,1.0,1.0,0.0,0.0,1.0,2.0,2.0,2.0
1746,0.0,2.0,1.0,3.0,1.0,0.0,0.0,2.0,3.0,1.0,3.0
1747,0.0,1.0,0.0,3.0,0.0,0.0,0.0,2.0,4.0,0.0,2.0
1748,3.0,0.0,1.0,3.0,0.0,0.0,1.0,0.0,2.0,1.0,2.0
1749,0.0,1.0,2.0,1.0,1.0,0.0,0.0,0.0,1.0,1.0,1.0
1750,1.0,1.0,0.0,1.0,1.0,3.0,2.0,1.0,0.0,1.0,0.0
1751,1.0,1.0,1.0,1.0,1.0,0.0,2.0,0.0,0.0,1.0,2.0
1752,0.0,0.0,0.0,0.0,0.0,1.0,1.0,0.0,1.0,0.0,0.0
1753,0.0,2.0,0.0,1.0,0.0,0.0,1.0,0.0,0.0,0.0,0.0
1754,0.0,0.0,0.0,0.0,0.0,0.0,0.0,0.0,0.0,0.0,0.0
1755,0.0,0.0,0.0,0.0,1.0,0.0,0.0,0.0,0.0,0.0,0.0
1756,0.0,0.0,0.0,0.0,1.0,0.0,0.0,0.0,1.0,0.0,0.0
1757,1.0,0.0,0.0,0.0,0.0,0.0,0.0,0.0,1.0,0.0,0.0
1758,1.0,0.0,0.0,0.0,0.0,0.0,0.0,0.0,0.0,0.0,0.0
1759,1.0,1.0,0.0,0.0,0.0,0.0,0.0,0.0,0.0,0.0,1.0
1760,0.0,2.0,1.0,1.0,0.0,0.0,1.0,0.0,1.0,0.0,1.0
1761,0.0,1.0,0.0,1.0,0.0,0.0,1.0,0.0,1.0,0.0,0.0
1762,0.0,0.0,1.0,1.0,0.0,0.0,0.0,0.0,0.0,0.0,0.0
1763,0.0,1.0,0.0,0.0,0.0,0.0,1.0,0.0,0.0,0.0,0.0
1764,1.0,1.0,0.0,1.0,0.0,0.0,0.0,0.0,0.0,1.0,0.0
1765,0.0,0.0,0.0,0.0,0.0,0.0,2.0,1.0,1.0,0.0,1.0
1766,0.0,0.0,0.0,0.0,0.0,0.0,0.0,0.0,0.0,0.0,0.0
1767,0.0,1.0,1.0,1.0,0.0,0.0,0.0,0.0,1.0,0.0,1.0
1768,0.0,0.0,1.0,0.0,0.0,0.0,0.0,0.0,1.0,0.0,0.0
1769,0.0,0.0,0.0,2.0,0.0,1.0,2.0,1.0,1.0,0.0,1.0
1770,1.0,0.0,0.0,0.0,1.0,0.0,0.0,1.0,2.0,1.0,0.0
1771,2.0,3.0,1.0,3.0,1.0,0.0,1.0,0.0,3.0,1.0,1.0
1772,1.0,2.0,1.0,0.0,1.0,0.0,0.0,0.0,0.0,2.0,2.0
1773,0.0,0.0,1.0,1.0,1.0,0.0,0.0,0.0,0.0,1.0,0.0
1774,2.0,0.0,2.0,1.0,0.0,0.0,0.0,2.0,1.0,2.0,0.0
1775,0.0,0.0,0.0,2.0,0.0,1.0,0.0,0.0,0.0,0.0,0.0
1776,1.0,0.0,0.0,0.0,2.0,0.0,1.0,0.0,0.0,1.0,0.0
1777,1.0,0.0,0.0,0.0,0.0,0.0,0.0,0.0,0.0,1.0,0.0
1778,0.0,0.0,0.0,0.0,0.0,0.0,0.0,0.0,0.0,0.0,0.0
1779,0.0,0.0,1.0,0.0,1.0,0.0,0.0,0.0,0.0,0.0,0.0
1780,0.0,0.0,0.0,0.0,1.0,0.0,0.0,0.0,0.0,0.0,0.0
1781,0.0,0.0,0.0,0.0,0.0,0.0,0.0,0.0,0.0,0.0,0.0
1782,1.0,1.0,0.0,0.0,0.0,0.0,0.0,0.0,1.0,0.0,0.0
1783,0.0,1.0,0.0,0.0,1.0,0.0,0.0,0.0,0.0,0.0,1.0
1784,1.0,0.0,1.0,0.0,0.0,0.0,1.0,0.0,2.0,0.0,0.0
1785,0.0,1.0,1.0,0.0,1.0,1.0,1.0,0.0,1.0,0.0,0.0
1786,1.0,0.0,1.0,1.0,0.0,0.0,0.0,0.0,0.0,0.0,0.0
1787,0.0,0.0,2.0,1.0,0.0,0.0,2.0,0.0,0.0,0.0,0.0
1788,1.0,0.0,0.0,0.0,1.0,0.0,0.0,0.0,0.0,0.0,0.0
1789,0.0,1.0,0.0,0.0,0.0,0.0,0.0,0.0,3.0,0.0,0.0
1790,2.0,0.0,0.0,1.0,0.0,0.0,1.0,1.0,2.0,1.0,0.0
1791,1.0,0.0,0.0,0.0,1.0,1.0,0.0,1.0,1.0,0.0,0.0
1792,0.0,0.0,0.0,0.0,0.0,0.0,0.0,2.0,1.0,0.0,0.0
1793,0.0,1.0,1.0,0.0,0.0,0.0,1.0,0.0,0.0,0.0,1.0
1794,0.0,3.0,0.0,1.0,1.0,0.0,0.0,2.0,3.0,0.0,2.0
1795,0.0,2.0,0.0,0.0,0.0,0.0,1.0,1.0,1.0,0.0,2.0
1796,1.0,1.0,1.0,1.0,0.0,0.0,0.0,0.0,1.0,1.0,0.0
1797,1.0,0.0,2.0,1.0,0.0,0.0,2.0,0.0,0.0,0.0,0.0
1798,0.0,2.0,1.0,1.0,1.0,1.0,0.0,0.0,0.0,1.0,0.0
1799,1.0,1.0,0.0,1.0,1.0,0.0,1.0,0.0,0.0,0.0,1.0
1800,0.0,0.0,0.0,0.0,2.0,1.0,0.0,0.0,0.0,0.0,1.0
1801,1.0,1.0,0.0,0.0,0.0,0.0,0.0,0.0,0.0,0.0,0.0
1802,0.0,0.0,0.0,0.0,0.0,0.0,0.0,0.0,0.0,0.0,0.0
1803,2.0,0.0,0.0,0.0,0.0,0.0,0.0,0.0,0.0,0.0,1.0
1804,1.0,0.0,0.0,0.0,1.0,0.0,0.0,0.0,0.0,0.0,0.0
1805,0.0,0.0,0.0,0.0,0.0,0.0,0.0,0.0,1.0,0.0,0.0
1806,0.0,0.0,0.0,0.0,0.0,0.0,0.0,0.0,1.0,0.0,0.0
1807,2.0,0.0,0.0,1.0,0.0,0.0,0.0,0.0,0.0,1.0,1.0
1808,0.0,0.0,0.0,0.0,0.0,0.0,1.0,1.0,0.0,0.0,0.0
1809,0.0,0.0,0.0,0.0,2.0,0.0,2.0,0.0,2.0,0.0,1.0
1810,1.0,0.0,0.0,0.0,0.0,0.0,0.0,0.0,0.0,0.0,0.0
1811,0.0,1.0,1.0,1.0,0.0,0.0,0.0,1.0,1.0,0.0,0.0
1812,0.0,0.0,0.0,1.0,0.0,0.0,0.0,0.0,2.0,0.0,1.0
1813,0.0,0.0,0.0,0.0,0.0,0.0,0.0,0.0,1.0,0.0,2.0
1814,3.0,0.0,0.0,0.0,0.0,1.0,0.0,0.0,1.0,0.0,0.0
1815,1.0,0.0,0.0,1.0,0.0,1.0,0.0,1.0,0.0,1.0,0.0
1816,0.0,0.0,0.0,0.0,0.0,0.0,1.0,0.0,2.0,0.0,0.0
1817,1.0,1.0,1.0,0.0,0.0,1.0,1.0,1.0,1.0,0.0,0.0
1818,0.0,0.0,0.0,1.0,1.0,0.0,1.0,3.0,1.0,0.0,0.0
1819,0.0,2.0,1.0,1.0,1.0,1.0,1.0,0.0,1.0,1.0,1.0
1820,0.0,0.0,0.0,3.0,3.0,0.0,0.0,0.0,3.0,1.0,2.0
1821,1.0,0.0,1.0,0.0,0.0,0.0,0.0,1.0,0.0,0.0,0.0
1822,0.0,1.0,0.0,1.0,0.0,0.0,2.0,0.0,1.0,0.0,1.0
1823,1.0,0.0,0.0,1.0,0.0,0.0,0.0,0.0,0.0,2.0,1.0
1824,0.0,0.0,0.0,1.0,1.0,0.0,0.0,0.0,1.0,0.0,0.0
1825,1.0,0.0,0.0,0.0,0.0,1.0,0.0,0.0,0.0,0.0,2.0
1826,0.0,0.0,0.0,0.0,0.0,0.0,0.0,0.0,0.0,0.0,0.0
1827,0.0,0.0,0.0,0.0,0.0,0.0,0.0,0.0,0.0,0.0,0.0
1828,0.0,0.0,0.0,0.0,0.0,0.0,0.0,0.0,0.0,0.0,0.0
1829,0.0,0.0,0.0,0.0,0.0,0.0,0.0,0.0,1.0,0.0,0.0
1830,1.0,0.0,0.0,0.0,0.0,0.0,0.0,0.0,1.0,0.0,0.0
1831,1.0,0.0,0.0,0.0,0.0,0.0,0.0,0.0,0.0,1.0,1.0
1832,0.0,1.0,1.0,0.0,0.0,0.0,0.0,0.0,2.0,0.0,0.0
1833,1.0,0.0,0.0,0.0,1.0,0.0,1.0,0.0,0.0,0.0,0.0
1834,0.0,0.0,0.0,0.0,0.0,0.0,1.0,0.0,0.0,0.0,0.0
1835,1.0,0.0,0.0,1.0,0.0,1.0,0.0,0.0,1.0,0.0,0.0
1836,0.0,0.0,1.0,0.0,0.0,1.0,0.0,0.0,1.0,1.0,1.0
1837,0.0,0.0,2.0,0.0,1.0,0.0,0.0,2.0,2.0,0.0,0.0
1838,1.0,1.0,0.0,0.0,0.0,0.0,0.0,0.0,2.0,0.0,1.0
1839,1.0,2.0,0.0,0.0,0.0,0.0,0.0,0.0,0.0,0.0,1.0
1840,0.0,1.0,1.0,0.0,0.0,0.0,2.0,0.0,1.0,0.0,0.0
1841,3.0,0.0,1.0,2.0,0.0,1.0,0.0,0.0,1.0,0.0,2.0
1842,2.0,0.0,1.0,1.0,0.0,0.0,2.0,0.0,0.0,0.0,1.0
1843,1.0,0.0,1.0,1.0,2.0,1.0,2.0,0.0,2.0,4.0,2.0
1844,2.0,2.0,2.0,1.0,0.0,0.0,0.0,1.0,2.0,0.0,0.0
1845,0.0,0.0,1.0,1.0,0.0,0.0,0.0,2.0,0.0,0.0,0.0
1846,0.0,2.0,0.0,0.0,0.0,0.0,0.0,0.0,0.0,0.0,2.0
1847,0.0,1.0,0.0,3.0,0.0,0.0,0.0,1.0,0.0,0.0,0.0
1848,1.0,0.0,0.0,0.0,0.0,2.0,0.0,0.0,0.0,0.0,0.0
1849,0.0,0.0,0.0,0.0,0.0,0.0,0.0,0.0,0.0,0.0,0.0
1850,1.0,0.0,0.0,0.0,0.0,0.0,1.0,0.0,0.0,0.0,0.0
1851,0.0,0.0,0.0,0.0,0.0,0.0,0.0,0.0,0.0,0.0,0.0
1852,0.0,0.0,0.0,0.0,0.0,0.0,0.0,0.0,0.0,0.0,0.0
1853,0.0,0.0,0.0,0.0,0.0,0.0,0.0,0.0,0.0,0.0,0.0
1854,0.0,0.0,0.0,0.0,1.0,0.0,1.0,0.0,1.0,0.0,0.0
1855,1.0,0.0,0.0,0.0,0.0,0.0,0.0,0.0,0.0,1.0,0.0
1856,1.0,2.0,0.0,0.0,1.0,0.0,0.0,0.0,3.0,0.0,0.0
1857,0.0,1.0,0.0,0.0,0.0,0.0,1.0,0.0,0.0,0.0,0.0
1858,0.0,0.0,1.0,2.0,1.0,0.0,1.0,0.0,0.0,0.0,0.0
1859,0.0,2.0,0.0,0.0,0.0,2.0,1.0,0.0,0.0,1.0,0.0
1860,0.0,1.0,0.0,0.0,0.0,0.0,0.0,0.0,0.0,0.0,2.0
1861,0.0,0.0,0.0,0.0,1.0,0.0,0.0,0.0,2.0,0.0,0.0
1862,0.0,0.0,0.0,3.0,0.0,1.0,0.0,1.0,1.0,1.0,0.0
1863,1.0,2.0,1.0,0.0,0.0,0.0,0.0,1.0,4.0,3.0,0.0
1864,0.0,1.0,0.0,1.0,1.0,1.0,2.0,1.0,2.0,0.0,0.0
1865,1.0,0.0,1.0,1.0,0.0,0.0,1.0,0.0,1.0,1.0,0.0
1866,0.0,1.0,1.0,0.0,0.0,0.0,2.0,2.0,2.0,0.0,1.0
1867,0.0,1.0,0.0,0.0,1.0,0.0,1.0,3.0,3.0,0.0,1.0
1868,0.0,0.0,2.0,2.0,1.0,2.0,0.0,2.0,4.0,0.0,1.0
1869,0.0,1.0,2.0,0.0,1.0,0.0,2.0,1.0,0.0,1.0,1.0
1870,0.0,1.0,1.0,1.0,1.0,0.0,1.0,0.0,0.0,0.0,0.0
1871,1.0,1.0,0.0,2.0,0.0,0.0,0.0,1.0,0.0,0.0,2.0
1872,2.0,0.0,0.0,2.0,0.0,0.0,1.0,0.0,1.0,1.0,2.0
1873,0.0,1.0,0.0,0.0,1.0,1.0,0.0,0.0,0.0,0.0,0.0
1874,1.0,1.0,0.0,0.0,0.0,1.0,2.0,0.0,0.0,0.0,1.0
1875,0.0,0.0,0.0,0.0,0.0,0.0,0.0,0.0,0.0,0.0,0.0
1876,1.0,0.0,0.0,0.0,0.0,0.0,0.0,0.0,0.0,0.0,0.0
1877,1.0,0.0,1.0,0.0,0.0,0.0,0.0,1.0,1.0,0.0,0.0
1878,0.0,1.0,0.0,0.0,0.0,0.0,0.0,0.0,0.0,2.0,0.0
1879,0.0,0.0,0.0,0.0,0.0,0.0,1.0,0.0,0.0,0.0,0.0
1880,0.0,0.0,1.0,0.0,0.0,0.0,0.0,0.0,3.0,0.0,0.0
1881,2.0,1.0,0.0,1.0,1.0,2.0,1.0,0.0,0.0,0.0,1.0
1882,1.0,0.0,0.0,0.0,0.0,2.0,0.0,1.0,1.0,0.0,1.0
1883,1.0,3.0,0.0,0.0,0.0,1.0,0.0,0.0,1.0,0.0,2.0
1884,1.0,1.0,0.0,0.0,0.0,1.0,1.0,0.0,2.0,1.0,1.0
1885,1.0,0.0,0.0,0.0,1.0,0.0,0.0,0.0,3.0,0.0,0.0
1886,2.0,1.0,0.0,0.0,0.0,1.0,1.0,1.0,3.0,1.0,1.0
1887,1.0,1.0,0.0,1.0,1.0,0.0,0.0,1.0,3.0,0.0,1.0
1888,0.0,0.0,1.0,1.0,2.0,1.0,1.0,0.0,5.0,0.0,1.0
1889,0.0,0.0,2.0,1.0,0.0,0.0,0.0,0.0,1.0,1.0,1.0
1890,4.0,3.0,0.0,1.0,4.0,0.0,2.0,0.0,2.0,1.0,3.0
1891,0.0,3.0,1.0,0.0,1.0,2.0,1.0,1.0,3.0,0.0,2.0
1892,1.0,2.0,1.0,4.0,3.0,0.0,0.0,1.0,2.0,0.0,0.0
1893,1.0,0.0,0.0,1.0,0.0,1.0,0.0,3.0,0.0,1.0,1.0
1894,3.0,1.0,0.0,3.0,0.0,0.0,1.0,1.0,2.0,1.0,3.0
1895,0.0,1.0,0.0,2.0,1.0,0.0,0.0,3.0,0.0,1.0,0.0
1896,0.0,0.0,3.0,1.0,2.0,0.0,2.0,0.0,0.0,1.0,1.0
1897,0.0,0.0,0.0,1.0,1.0,0.0,1.0,0.0,0.0,1.0,1.0
1898,2.0,0.0,0.0,0.0,0.0,2.0,0.0,0.0,0.0,0.0,1.0
1899,1.0,0.0,0.0,0.0,0.0,0.0,0.0,1.0,0.0,0.0,0.0
1900,2.0,0.0,0.0,0.0,0.0,0.0,0.0,1.0,0.0,0.0,1.0
1901,0.0,1.0,0.0,0.0,0.0,0.0,0.0,0.0,0.0,0.0,0.0
1902,0.0,0.0,0.0,0.0,1.0,0.0,0.0,0.0,0.0,0.0,1.0
1903,1.0,1.0,0.0,0.0,0.0,0.0,0.0,1.0,1.0,1.0,0.0
1904,1.0,0.0,1.0,2.0,0.0,1.0,1.0,0.0,2.0,0.0,0.0
1905,0.0,0.0,0.0,1.0,0.0,0.0,1.0,1.0,1.0,0.0,0.0
1906,2.0,2.0,0.0,0.0,0.0,1.0,0.0,0.0,0.0,0.0,0.0
1907,0.0,1.0,0.0,2.0,0.0,0.0,0.0,0.0,2.0,0.0,0.0
1908,0.0,0.0,0.0,1.0,3.0,1.0,3.0,1.0,2.0,2.0,0.0
1909,1.0,0.0,1.0,0.0,0.0,2.0,3.0,1.0,2.0,1.0,2.0
1910,2.0,0.0,0.0,2.0,2.0,0.0,1.0,1.0,3.0,1.0,1.0
1911,1.0,0.0,0.0,1.0,0.0,2.0,1.0,3.0,2.0,0.0,1.0
1912,2.0,1.0,0.0,0.0,0.0,1.0,1.0,1.0,2.0,0.0,1.0
1913,4.0,1.0,2.0,1.0,1.0,0.0,2.0,0.0,0.0,0.0,0.0
1914,0.0,2.0,2.0,2.0,3.0,0.0,0.0,2.0,1.0,0.0,2.0
1915,1.0,1.0,1.0,2.0,3.0,1.0,1.0,1.0,2.0,0.0,1.0
1916,1.0,1.0,2.0,0.0,1.0,1.0,2.0,0.0,2.0,0.0,2.0
1917,3.0,1.0,2.0,0.0,2.0,3.0,1.0,2.0,0.0,1.0,0.0
1918,0.0,1.0,0.0,2.0,0.0,0.0,2.0,1.0,0.0,3.0,0.0
1919,1.0,1.0,0.0,2.0,1.0,0.0,2.0,1.0,0.0,0.0,1.0
1920,3.0,0.0,1.0,0.0,1.0,0.0,1.0,1.0,0.0,0.0,0.0
1921,0.0,1.0,1.0,0.0,1.0,0.0,0.0,0.0,0.0,1.0,0.0
1922,0.0,0.0,0.0,1.0,0.0,0.0,0.0,0.0,0.0,0.0,0.0
1923,1.0,0.0,0.0,0.0,0.0,0.0,0.0,0.0,0.0,1.0,0.0
1924,1.0,1.0,0.0,0.0,0.0,0.0,0.0,0.0,1.0,1.0,0.0
1925,0.0,0.0,0.0,0.0,0.0,0.0,0.0,0.0,0.0,0.0,0.0
1926,0.0,0.0,0.0,0.0,0.0,0.0,0.0,0.0,0.0,0.0,0.0
1927,0.0,0.0,0.0,0.0,0.0,0.0,0.0,0.0,0.0,0.0,0.0
1928,1.0,0.0,0.0,1.0,0.0,2.0,1.0,0.0,2.0,0.0,0.0
1929,0.0,0.0,0.0,1.0,0.0,0.0,2.0,0.0,1.0,0.0,0.0
1930,0.0,0.0,0.0,2.0,0.0,0.0,0.0,0.0,0.0,0.0,0.0
1931,1.0,0.0,0.0,0.0,0.0,1.0,0.0,0.0,1.0,0.0,0.0
1932,0.0,0.0,0.0,0.0,1.0,0.0,0.0,1.0,1.0,0.0,0.0
1933,0.0,1.0,2.0,0.0,0.0,0.0,0.0,0.0,1.0,0.0,1.0
1934,1.0,1.0,0.0,0.0,0.0,0.0,1.0,0.0,1.0,2.0,1.0
1935,0.0,0.0,0.0,0.0,0.0,0.0,0.0,0.0,1.0,0.0,0.0
1936,3.0,0.0,0.0,2.0,0.0,0.0,0.0,1.0,2.0,0.0,2.0
1937,0.0,2.0,1.0,2.0,0.0,1.0,1.0,1.0,3.0,0.0,1.0
1938,0.0,1.0,1.0,0.0,0.0,0.0,1.0,0.0,0.0,0.0,1.0
1939,1.0,3.0,1.0,0.0,0.0,1.0,0.0,0.0,5.0,0.0,2.0
1940,0.0,0.0,1.0,2.0,1.0,1.0,0.0,1.0,2.0,0.0,1.0
1941,1.0,0.0,0.0,2.0,1.0,1.0,3.0,3.0,1.0,1.0,1.0
1942,0.0,1.0,1.0,1.0,1.0,0.0,1.0,2.0,0.0,1.0,3.0
1943,0.0,2.0,0.0,1.0,2.0,0.0,1.0,0.0,0.0,0.0,0.0
1944,1.0,0.0,0.0,0.0,0.0,1.0,1.0,0.0,0.0,0.0,0.0
1945,0.0,0.0,0.0,0.0,0.0,0.0,0.0,0.0,0.0,0.0,0.0
1946,0.0,0.0,0.0,0.0,0.0,1.0,0.0,0.0,0.0,0.0,0.0
1947,0.0,0.0,0.0,0.0,0.0,0.0,0.0,0.0,0.0,0.0,0.0
1948,0.0,0.0,0.0,0.0,0.0,0.0,1.0,0.0,0.0,0.0,0.0
1949,0.0,0.0,0.0,0.0,0.0,0.0,0.0,0.0,1.0,0.0,0.0
1950,1.0,1.0,0.0,0.0,0.0,1.0,0.0,0.0,0.0,0.0,0.0
1951,1.0,1.0,0.0,1.0,0.0,0.0,0.0,0.0,0.0,2.0,0.0
1952,0.0,0.0,0.0,2.0,0.0,0.0,0.0,1.0,3.0,0.0,0.0
1953,0.0,0.0,0.0,0.0,0.0,0.0,0.0,0.0,1.0,0.0,0.0
1954,0.0,0.0,0.0,1.0,0.0,0.0,1.0,0.0,0.0,0.0,0.0
1955,0.0,0.0,0.0,2.0,0.0,0.0,0.0,0.0,0.0,0.0,0.0
1956,0.0,0.0,0.0,0.0,0.0,0.0,0.0,1.0,3.0,1.0,0.0
1957,1.0,0.0,0.0,1.0,0.0,0.0,1.0,0.0,1.0,0.0,0.0
1958,1.0,1.0,0.0,0.0,0.0,0.0,1.0,0.0,0.0,0.0,0.0
1959,1.0,0.0,0.0,0.0,0.0,0.0,0.0,0.0,2.0,0.0,0.0
1960,2.0,0.0,0.0,0.0,1.0,0.0,1.0,0.0,4.0,1.0,3.0
1961,0.0,1.0,1.0,1.0,0.0,1.0,0.0,0.0,1.0,0.0,1.0
1962,1.0,1.0,1.0,0.0,1.0,0.0,1.0,1.0,4.0,1.0,1.0
1963,0.0,2.0,0.0,1.0,0.0,0.0,0.0,0.0,3.0,0.0,2.0
1964,0.0,1.0,0.0,2.0,1.0,2.0,0.0,0.0,0.0,0.0,1.0
1965,0.0,2.0,1.0,1.0,0.0,0.0,0.0,1.0,0.0,0.0,2.0
1966,1.0,1.0,1.0,3.0,0.0,0.0,0.0,1.0,2.0,0.0,1.0
1967,1.0,0.0,1.0,0.0,2.0,0.0,1.0,1.0,0.0,0.0,1.0
1968,2.0,0.0,0.0,1.0,0.0,1.0,1.0,1.0,0.0,0.0,1.0
1969,0.0,0.0,0.0,0.0,0.0,1.0,0.0,1.0,0.0,0.0,0.0
1970,0.0,0.0,0.0,0.0,0.0,0.0,0.0,0.0,0.0,0.0,0.0
1971,0.0,0.0,0.0,0.0,1.0,0.0,0.0,0.0,0.0,0.0,0.0
1972,0.0,0.0,0.0,0.0,0.0,0.0,0.0,0.0,0.0,0.0,0.0
1973,0.0,0.0,0.0,0.0,0.0,0.0,0.0,0.0,0.0,0.0,0.0
1974,1.0,1.0,0.0,0.0,0.0,0.0,1.0,0.0,2.0,0.0,0.0
1975,0.0,1.0,0.0,0.0,2.0,0.0,0.0,0.0,1.0,1.0,0.0
1976,0.0,0.0,0.0,0.0,0.0,1.0,0.0,0.0,1.0,1.0,0.0
1977,0.0,0.0,0.0,1.0,0.0,0.0,0.0,0.0,2.0,0.0,0.0
1978,0.0,0.0,0.0,1.0,0.0,0.0,0.0,0.0,0.0,0.0,1.0
1979,0.0,0.0,0.0,0.0,0.0,0.0,0.0,0.0,0.0,0.0,0.0
1980,0.0,1.0,0.0,0.0,0.0,0.0,1.0,1.0,1.0,1.0,0.0
1981,0.0,1.0,0.0,0.0,1.0,0.0,0.0,0.0,0.0,0.0,0.0
1982,1.0,0.0,0.0,2.0,0.0,0.0,0.0,1.0,2.0,0.0,0.0
1983,0.0,2.0,0.0,0.0,0.0,0.0,0.0,1.0,0.0,0.0,1.0
1984,1.0,1.0,1.0,1.0,1.0,0.0,2.0,0.0,1.0,0.0,1.0
1985,0.0,1.0,0.0,1.0,1.0,0.0,0.0,2.0,4.0,0.0,0.0
1986,0.0,0.0,0.0,0.0,2.0,1.0,2.0,1.0,3.0,0.0,2.0
1987,1.0,4.0,2.0,3.0,0.0,0.0,2.0,1.0,4.0,1.0,2.0
1988,1.0,0.0,0.0,1.0,1.0,1.0,1.0,0.0,2.0,0.0,2.0
1989,0.0,0.0,2.0,0.0,1.0,0.0,0.0,1.0,2.0,1.0,0.0
1990,1.0,0.0,0.0,3.0,0.0,1.0,1.0,1.0,1.0,2.0,1.0
1991,0.0,1.0,1.0,1.0,0.0,1.0,0.0,2.0,0.0,1.0,2.0
1992,0.0,0.0,0.0,1.0,0.0,0.0,0.0,0.0,0.0,0.0,0.0
1993,0.0,1.0,0.0,0.0,0.0,0.0,0.0,0.0,0.0,1.0,0.0
1994,0.0,0.0,0.0,0.0,0.0,0.0,0.0,0.0,0.0,0.0,0.0
1995,2.0,0.0,0.0,0.0,0.0,0.0,0.0,0.0,0.0,0.0,0.0
1996,0.0,0.0,1.0,0.0,0.0,0.0,0.0,0.0,0.0,0.0,0.0
1997,0.0,0.0,0.0,0.0,0.0,0.0,0.0,0.0,0.0,0.0,0.0
1998,1.0,0.0,0.0,0.0,0.0,0.0,0.0,0.0,1.0,0.0,0.0
1999,0.0,0.0,0.0,0.0,0.0,1.0,0.0,0.0,0.0,0.0,0.0
2000,0.0,0.0,1.0,0.0,2.0,0.0,0.0,0.0,1.0,0.0,0.0
2001,1.0,0.0,0.0,1.0,1.0,0.0,1.0,0.0,1.0,0.0,0.0
2002,0.0,0.0,0.0,1.0,0.0,0.0,0.0,1.0,1.0,0.0,1.0
2003,0.0,0.0,0.0,1.0,0.0,1.0,0.0,0.0,1.0,0.0,0.0
2004,1.0,2.0,1.0,0.0,0.0,0.0,1.0,0.0,1.0,0.0,1.0
2005,1.0,1.0,1.0,0.0,0.0,0.0,0.0,1.0,3.0,0.0,0.0
2006,0.0,2.0,0.0,0.0,1.0,0.0,0.0,1.0,2.0,0.0,0.0
2007,1.0,0.0,1.0,0.0,0.0,0.0,0.0,0.0,3.0,0.0,1.0
2008,0.0,1.0,1.0,0.0,0.0,0.0,0.0,0.0,2.0,0.0,0.0
2009,1.0,0.0,2.0,1.0,0.0,0.0,1.0,1.0,2.0,0.0,1.0
2010,0.0,2.0,0.0,2.0,1.0,0.0,0.0,2.0,1.0,0.0,1.0
2011,2.0,0.0,1.0,0.0,0.0,1.0,0.0,0.0,5.0,0.0,3.0
2012,0.0,0.0,1.0,0.0,1.0,0.0,0.0,1.0,1.0,0.0,0.0
2013,0.0,0.0,0.0,1.0,0.0,2.0,2.0,0.0,0.0,0.0,2.0
2014,1.0,0.0,0.0,1.0,0.0,0.0,0.0,0.0,0.0,4.0,1.0
2015,2.0,0.0,0.0,3.0,1.0,0.0,1.0,1.0,1.0,1.0,1.0
2016,1.0,0.0,0.0,1.0,0.0,1.0,1.0,0.0,1.0,0.0,1.0
2017,0.0,0.0,0.0,1.0,0.0,1.0,0.0,0.0,0.0,0.0,0.0
2018,1.0,1.0,1.0,0.0,0.0,0.0,1.0,0.0,0.0,0.0,0.0
2019,0.0,0.0,0.0,0.0,0.0,0.0,0.0,0.0,0.0,0.0,0.0
2020,0.0,0.0,0.0,0.0,0.0,0.0,0.0,0.0,0.0,0.0,0.0
2021,0.0,0.0,1.0,0.0,0.0,0.0,0.0,0.0,0.0,0.0,0.0
2022,0.0,0.0,0.0,0.0,1.0,0.0,1.0,0.0,2.0,0.0,0.0
2023,0.0,0.0,0.0,0.0,0.0,0.0,0.0,1.0,1.0,0.0,0.0
2024,0.0,1.0,0.0,3.0,1.0,1.0,0.0,0.0,1.0,0.0,0.0
2025,0.0,0.0,0.0,0.0,0.0,0.0,1.0,0.0,0.0,0.0,0.0
2026,0.0,1.0,0.0,1.0,0.0,0.0,0.0,0.0,0.0,0.0,1.0
2027,1.0,0.0,0.0,1.0,0.0,0.0,1.0,1.0,0.0,0.0,0.0
2028,0.0,3.0,3.0,0.0,1.0,0.0,0.0,0.0,1.0,0.0,1.0
2029,1.0,1.0,1.0,0.0,0.0,0.0,0.0,0.0,1.0,0.0,1.0
2030,0.0,0.0,0.0,2.0,1.0,0.0,0.0,0.0,2.0,0.0,0.0
2031,0.0,1.0,0.0,0.0,1.0,0.0,1.0,1.0,2.0,0.0,0.0
2032,1.0,1.0,0.0,1.0,1.0,0.0,1.0,0.0,2.0,0.0,0.0
2033,1.0,2.0,1.0,0.0,0.0,0.0,1.0,3.0,3.0,0.0,0.0
2034,0.0,1.0,0.0,0.0,1.0,0.0,2.0,0.0,1.0,2.0,0.0
2035,1.0,4.0,0.0,1.0,0.0,2.0,2.0,2.0,4.0,1.0,4.0
2036,0.0,0.0,0.0,2.0,2.0,0.0,2.0,0.0,4.0,0.0,2.0
2037,1.0,1.0,0.0,1.0,1.0,1.0,1.0,0.0,2.0,0.0,1.0
2038,1.0,1.0,2.0,0.0,0.0,2.0,2.0,0.0,4.0,1.0,0.0
2039,0.0,1.0,1.0,0.0,1.0,1.0,0.0,2.0,0.0,2.0,2.0
2040,1.0,1.0,0.0,2.0,1.0,0.0,0.0,0.0,0.0,2.0,0.0
2041,1.0,1.0,1.0,0.0,0.0,0.0,1.0,1.0,0.0,1.0,0.0
2042,0.0,0.0,1.0,1.0,0.0,1.0,0.0,0.0,0.0,0.0,0.0
2043,0.0,1.0,0.0,0.0,1.0,0.0,0.0,0.0,0.0,0.0,0.0
2044,0.0,1.0,0.0,0.0,1.0,0.0,0.0,0.0,0.0,0.0,0.0
2045,0.0,0.0,0.0,0.0,1.0,0.0,0.0,0.0,0.0,0.0,0.0
2046,0.0,2.0,0.0,0.0,1.0,0.0,0.0,0.0,0.0,0.0,0.0
2047,0.0,0.0,1.0,0.0,0.0,0.0,0.0,0.0,0.0,0.0,0.0
2048,1.0,0.0,0.0,1.0,0.0,0.0,0.0,0.0,1.0,0.0,1.0
2049,0.0,0.0,0.0,0.0,0.0,0.0,2.0,0.0,2.0,1.0,2.0
2050,0.0,1.0,0.0,1.0,0.0,0.0,0.0,0.0,0.0,0.0,2.0
2051,0.0,0.0,1.0,1.0,0.0,0.0,1.0,0.0,1.0,0.0,0.0
2052,0.0,1.0,0.0,1.0,1.0,0.0,0.0,1.0,3.0,0.0,1.0
2053,1.0,0.0,0.0,0.0,1.0,1.0,1.0,1.0,2.0,2.0,0.0
2054,2.0,2.0,1.0,0.0,0.0,1.0,1.0,2.0,2.0,0.0,1.0
2055,1.0,0.0,1.0,2.0,0.0,0.0,1.0,0.0,6.0,0.0,3.0
2056,1.0,0.0,1.0,3.0,2.0,0.0,1.0,0.0,4.0,1.0,2.0
2057,2.0,0.0,1.0,1.0,3.0,1.0,0.0,0.0,2.0,0.0,0.0
2058,3.0,3.0,1.0,1.0,1.0,0.0,1.0,1.0,5.0,2.0,1.0
2059,1.0,1.0,1.0,0.0,0.0,1.0,0.0,0.0,3.0,0.0,1.0
2060,0.0,2.0,0.0,1.0,0.0,0.0,0.0,1.0,2.0,2.0,4.0
2061,1.0,2.0,1.0,0.0,1.0,1.0,0.0,0.0,0.0,0.0,2.0
2062,1.0,0.0,1.0,2.0,0.0,0.0,1.0,1.0,0.0,2.0,2.0
2063,2.0,2.0,0.0,2.0,0.0,1.0,2.0,0.0,0.0,1.0,1.0
2064,2.0,0.0,0.0,2.0,0.0,2.0,1.0,0.0,0.0,0.0,0.0
2065,1.0,0.0,0.0,0.0,2.0,1.0,0.0,0.0,0.0,0.0,0.0
2066,0.0,0.0,0.0,1.0,1.0,2.0,1.0,0.0,0.0,0.0,0.0
2067,0.0,0.0,0.0,0.0,0.0,0.0,0.0,0.0,0.0,0.0,1.0
2068,1.0,1.0,0.0,0.0,0.0,0.0,0.0,0.0,0.0,0.0,0.0
2069,0.0,0.0,0.0,0.0,0.0,0.0,0.0,0.0,1.0,0.0,0.0
2070,0.0,0.0,0.0,0.0,0.0,0.0,0.0,0.0,0.0,0.0,0.0
2071,0.0,0.0,0.0,0.0,0.0,0.0,1.0,0.0,0.0,0.0,0.0
2072,1.0,3.0,0.0,0.0,0.0,0.0,1.0,0.0,2.0,0.0,1.0
2073,0.0,0.0,1.0,2.0,1.0,1.0,1.0,0.0,0.0,0.0,0.0
2074,3.0,0.0,1.0,1.0,0.0,0.0,1.0,1.0,1.0,0.0,0.0
2075,0.0,2.0,2.0,0.0,0.0,0.0,1.0,0.0,0.0,0.0,1.0
2076,1.0,1.0,0.0,0.0,0.0,1.0,0.0,1.0,1.0,0.0,0.0
2077,1.0,0.0,0.0,0.0,0.0,0.0,0.0,1.0,3.0,0.0,2.0
2078,1.0,2.0,0.0,2.0,1.0,0.0,0.0,2.0,4.0,0.0,2.0
2079,1.0,2.0,1.0,2.0,0.0,0.0,0.0,0.0,2.0,0.0,1.0
2080,1.0,3.0,0.0,0.0,1.0,0.0,0.0,1.0,5.0,3.0,2.0
2081,0.0,2.0,0.0,1.0,3.0,1.0,2.0,0.0,3.0,1.0,1.0
2082,0.0,0.0,3.0,0.0,1.0,0.0,0.0,0.0,5.0,0.0,2.0
2083,0.0,4.0,1.0,1.0,1.0,0.0,1.0,1.0,2.0,0.0,0.0
2084,0.0,0.0,3.0,0.0,0.0,0.0,2.0,2.0,2.0,0.0,1.0
2085,3.0,1.0,0.0,1.0,2.0,0.0,3.0,2.0,1.0,4.0,3.0
2086,0.0,0.0,0.0,0.0,0.0,1.0,0.0,0.0,0.0,0.0,0.0
2087,2.0,0.0,0.0,1.0,0.0,1.0,1.0,0.0,0.0,2.0,0.0
2088,2.0,1.0,1.0,1.0,1.0,0.0,0.0,0.0,0.0,0.0,0.0
2089,1.0,0.0,0.0,0.0,0.0,0.0,0.0,2.0,0.0,1.0,0.0
2090,0.0,0.0,0.0,0.0,1.0,0.0,0.0,0.0,0.0,0.0,0.0
2091,0.0,0.0,0.0,0.0,0.0,0.0,0.0,0.0,0.0,0.0,0.0
2092,0.0,0.0,0.0,0.0,0.0,0.0,0.0,0.0,1.0,0.0,0.0
2093,0.0,0.0,0.0,0.0,0.0,0.0,0.0,0.0,0.0,0.0,0.0
2094,0.0,1.0,0.0,0.0,0.0,1.0,1.0,0.0,1.0,1.0,0.0
2095,0.0,0.0,0.0,0.0,0.0,0.0,0.0,0.0,0.0,0.0,0.0
2096,1.0,0.0,0.0,1.0,1.0,0.0,2.0,0.0,0.0,0.0,0.0
2097,1.0,0.0,1.0,0.0,1.0,0.0,0.0,0.0,1.0,0.0,1.0
2098,0.0,0.0,0.0,1.0,1.0,0.0,0.0,0.0,0.0,0.0,1.0
2099,1.0,1.0,0.0,1.0,0.0,0.0,0.0,0.0,0.0,0.0,1.0
2100,1.0,0.0,1.0,2.0,0.0,0.0,0.0,0.0,0.0,0.0,2.0
2101,0.0,1.0,0.0,0.0,0.0,0.0,1.0,2.0,1.0,0.0,0.0
2102,1.0,1.0,3.0,0.0,0.0,2.0,0.0,0.0,0.0,0.0,0.0
2103,0.0,1.0,2.0,0.0,0.0,1.0,0.0,0.0,1.0,0.0,1.0
2104,0.0,0.0,0.0,0.0,0.0,0.0,0.0,0.0,0.0,3.0,0.0
2105,0.0,0.0,0.0,0.0,0.0,0.0,0.0,0.0,1.0,0.0,1.0
2106,0.0,0.0,1.0,3.0,0.0,0.0,1.0,1.0,1.0,1.0,1.0
2107,0.0,2.0,0.0,2.0,3.0,1.0,0.0,1.0,1.0,0.0,1.0
2108,0.0,2.0,0.0,1.0,0.0,1.0,0.0,0.0,0.0,0.0,1.0
2109,1.0,0.0,0.0,3.0,0.0,0.0,0.0,0.0,0.0,3.0,1.0
2110,1.0,1.0,0.0,0.0,0.0,1.0,1.0,0.0,0.0,0.0,1.0
2111,0.0,3.0,0.0,0.0,1.0,0.0,0.0,1.0,0.0,1.0,0.0
2112,0.0,0.0,0.0,3.0,1.0,0.0,1.0,0.0,1.0,0.0,1.0
2113,0.0,0.0,1.0,0.0,0.0,0.0,0.0,1.0,0.0,0.0,0.0
2114,0.0,0.0,1.0,0.0,0.0,1.0,0.0,0.0,0.0,0.0,0.0
2115,0.0,0.0,0.0,0.0,0.0,0.0,0.0,0.0,0.0,0.0,0.0
2116,0.0,0.0,0.0,0.0,0.0,0.0,0.0,0.0,0.0,0.0,0.0
2117,0.0,1.0,0.0,0.0,0.0,0.0,0.0,0.0,1.0,0.0,0.0
2118,1.0,1.0,0.0,0.0,0.0,0.0,0.0,0.0,0.0,0.0,0.0
2119,1.0,0.0,0.0,1.0,0.0,0.0,0.0,0.0,0.0,0.0,0.0
2120,0.0,0.0,0.0,0.0,0.0,0.0,1.0,0.0,0.0,0.0,0.0
2121,0.0,0.0,0.0,2.0,1.0,0.0,0.0,0.0,0.0,1.0,1.0
2122,0.0,0.0,0.0,0.0,0.0,0.0,0.0,0.0,0.0,0.0,0.0
2123,1.0,0.0,0.0,0.0,0.0,0.0,0.0,0.0,1.0,0.0,0.0
2124,0.0,0.0,1.0,1.0,0.0,0.0,0.0,1.0,2.0,0.0,0.0
2125,0.0,2.0,1.0,0.0,0.0,0.0,0.0,0.0,1.0,0.0,0.0
2126,1.0,0.0,0.0,1.0,0.0,0.0,1.0,0.0,0.0,0.0,0.0
2127,1.0,1.0,0.0,0.0,0.0,1.0,0.0,1.0,0.0,0.0,1.0
2128,0.0,3.0,0.0,1.0,0.0,1.0,0.0,0.0,0.0,1.0,1.0
2129,0.0,1.0,0.0,0.0,0.0,0.0,0.0,0.0,0.0,0.0,0.0
2130,0.0,0.0,1.0,0.0,1.0,1.0,0.0,4.0,2.0,0.0,0.0
2131,1.0,1.0,1.0,0.0,1.0,0.0,1.0,2.0,3.0,0.0,2.0
2132,0.0,3.0,0.0,1.0,0.0,2.0,1.0,1.0,0.0,0.0,2.0
2133,2.0,0.0,2.0,0.0,0.0,0.0,0.0,0.0,0.0,0.0,0.0
2134,2.0,1.0,1.0,1.0,1.0,2.0,3.0,1.0,0.0,0.0,0.0
2135,0.0,1.0,0.0,2.0,0.0,0.0,1.0,2.0,0.0,1.0,0.0
2136,0.0,0.0,1.0,0.0,0.0,1.0,1.0,0.0,0.0,1.0,0.0
2137,2.0,0.0,0.0,0.0,0.0,0.0,1.0,0.0,0.0,0.0,1.0
2138,0.0,0.0,0.0,1.0,0.0,0.0,1.0,0.0,0.0,0.0,0.0
2139,0.0,0.0,0.0,0.0,0.0,0.0,0.0,0.0,0.0,0.0,0.0
2140,0.0,0.0,0.0,0.0,1.0,0.0,0.0,0.0,0.0,0.0,0.0
2141,0.0,0.0,0.0,0.0,0.0,0.0,0.0,0.0,0.0,0.0,0.0
2142,0.0,0.0,0.0,0.0,1.0,1.0,0.0,0.0,1.0,0.0,0.0
2143,0.0,0.0,0.0,0.0,0.0,0.0,0.0,0.0,0.0,0.0,0.0
2144,0.0,0.0,2.0,0.0,0.0,0.0,1.0,0.0,0.0,0.0,0.0
2145,0.0,0.0,0.0,0.0,0.0,1.0,0.0,0.0,2.0,0.0,0.0
2146,1.0,0.0,1.0,2.0,1.0,0.0,0.0,0.0,0.0,0.0,0.0
2147,0.0,1.0,0.0,0.0,0.0,0.0,0.0,0.0,0.0,0.0,0.0
2148,1.0,1.0,1.0,0.0,0.0,0.0,1.0,0.0,0.0,1.0,3.0
2149,0.0,1.0,2.0,0.0,0.0,0.0,0.0,1.0,1.0,0.0,1.0
2150,1.0,1.0,2.0,1.0,0.0,0.0,0.0,0.0,2.0,0.0,0.0
2151,1.0,2.0,0.0,0.0,0.0,0.0,0.0,1.0,1.0,0.0,1.0
2152,0.0,1.0,1.0,0.0,0.0,0.0,2.0,0.0,2.0,1.0,0.0
2153,2.0,1.0,1.0,1.0,0.0,0.0,0.0,1.0,1.0,1.0,2.0
2154,1.0,0.0,1.0,0.0,1.0,0.0,0.0,2.0,1.0,0.0,0.0
2155,0.0,3.0,1.0,2.0,3.0,0.0,0.0,0.0,2.0,0.0,2.0
2156,1.0,1.0,1.0,0.0,0.0,0.0,3.0,0.0,1.0,0.0,3.0
2157,1.0,2.0,1.0,3.0,1.0,0.0,0.0,1.0,1.0,0.0,0.0
2158,1.0,1.0,0.0,1.0,0.0,0.0,1.0,0.0,0.0,1.0,1.0
2159,0.0,0.0,1.0,0.0,1.0,3.0,0.0,0.0,0.0,1.0,2.0
2160,1.0,1.0,0.0,1.0,0.0,0.0,1.0,2.0,0.0,0.0,0.0
2161,1.0,1.0,0.0,1.0,0.0,1.0,0.0,0.0,0.0,0.0,0.0
2162,0.0,1.0,0.0,0.0,0.0,0.0,0.0,1.0,0.0,0.0,0.0
2163,0.0,0.0,0.0,0.0,0.0,0.0,0.0,0.0,0.0,0.0,0.0
2164,0.0,0.0,0.0,0.0,1.0,0.0,0.0,0.0,0.0,0.0,0.0
2165,0.0,0.0,0.0,0.0,0.0,0.0,0.0,1.0,0.0,0.0,0.0
2166,0.0,0.0,0.0,0.0,1.0,0.0,0.0,0.0,0.0,0.0,0.0
2167,0.0,0.0,0.0,0.0,1.0,0.0,0.0,0.0,0.0,0.0,0.0
2168,0.0,0.0,1.0,0.0,0.0,0.0,0.0,0.0,2.0,0.0,0.0
2169,0.0,1.0,0.0,0.0,0.0,0.0,0.0,0.0,0.0,1.0,0.0
2170,0.0,1.0,0.0,1.0,1.0,0.0,1.0,1.0,0.0,0.0,0.0
2171,0.0,0.0,0.0,0.0,0.0,0.0,1.0,0.0,0.0,0.0,2.0
2172,0.0,1.0,0.0,2.0,0.0,0.0,1.0,1.0,0.0,0.0,1.0
2173,1.0,1.0,0.0,1.0,0.0,0.0,1.0,1.0,1.0,1.0,0.0
2174,1.0,3.0,0.0,0.0,0.0,1.0,0.0,0.0,1.0,0.0,1.0
2175,0.0,2.0,0.0,1.0,2.0,0.0,0.0,0.0,2.0,0.0,0.0
2176,2.0,0.0,0.0,0.0,0.0,0.0,2.0,1.0,1.0,0.0,0.0
2177,1.0,0.0,1.0,0.0,0.0,0.0,0.0,0.0,0.0,0.0,0.0
2178,0.0,0.0,1.0,2.0,1.0,1.0,0.0,3.0,2.0,2.0,2.0
2179,0.0,1.0,0.0,0.0,0.0,0.0,0.0,0.0,1.0,0.0,0.0
